 0.00000000e+00  1.04891787e+00  0.00000000e+00  1.05343671e+00  0.00000000e+00  1.03823127e+00  0.00000000e+00  1.04912029e+00 
 1.00000000e-12  1.04891787e+00  1.00000000e-12  1.05343671e+00  1.00000000e-12  1.03823127e+00  1.00000000e-12  1.04912029e+00 
 2.00000000e-12  1.04891787e+00  2.00000000e-12  1.05343671e+00  2.00000000e-12  1.03823127e+00  2.00000000e-12  1.04912029e+00 
 4.00000000e-12  1.04891787e+00  4.00000000e-12  1.05343671e+00  4.00000000e-12  1.03823127e+00  4.00000000e-12  1.04912029e+00 
 8.00000000e-12  1.04891787e+00  8.00000000e-12  1.05343671e+00  8.00000000e-12  1.03823127e+00  8.00000000e-12  1.04912029e+00 
 1.60000000e-11  1.04891787e+00  1.60000000e-11  1.05343671e+00  1.60000000e-11  1.03823127e+00  1.60000000e-11  1.04912029e+00 
 3.20000000e-11  1.04891787e+00  3.20000000e-11  1.05343671e+00  3.20000000e-11  1.03823127e+00  3.20000000e-11  1.04912029e+00 
 6.40000000e-11  1.04891787e+00  6.40000000e-11  1.05343671e+00  6.40000000e-11  1.03823127e+00  6.40000000e-11  1.04912029e+00 
 1.28000000e-10  1.04891787e+00  1.28000000e-10  1.05343671e+00  1.28000000e-10  1.03823127e+00  1.28000000e-10  1.04912029e+00 
 2.28000000e-10  1.04891787e+00  2.28000000e-10  1.05343671e+00  2.28000000e-10  1.03823127e+00  2.28000000e-10  1.04912029e+00 
 3.28000000e-10  1.04891787e+00  3.28000000e-10  1.05343671e+00  3.28000000e-10  1.03823127e+00  3.28000000e-10  1.04912029e+00 
 4.28000000e-10  1.04891787e+00  4.28000000e-10  1.05343671e+00  4.28000000e-10  1.03823127e+00  4.28000000e-10  1.04912029e+00 
 5.28000000e-10  1.04891787e+00  5.28000000e-10  1.05343671e+00  5.28000000e-10  1.03823127e+00  5.28000000e-10  1.04912029e+00 
 6.28000000e-10  1.04891787e+00  6.28000000e-10  1.05343671e+00  6.28000000e-10  1.03823127e+00  6.28000000e-10  1.04912029e+00 
 7.28000000e-10  1.04891787e+00  7.28000000e-10  1.05343671e+00  7.28000000e-10  1.03823127e+00  7.28000000e-10  1.04912029e+00 
 8.28000000e-10  1.04891787e+00  8.28000000e-10  1.05343671e+00  8.28000000e-10  1.03823127e+00  8.28000000e-10  1.04912029e+00 
 9.28000000e-10  1.04891787e+00  9.28000000e-10  1.05343671e+00  9.28000000e-10  1.03823127e+00  9.28000000e-10  1.04912029e+00 
 1.02800000e-09  1.04891787e+00  1.02800000e-09  1.05343671e+00  1.02800000e-09  1.03823127e+00  1.02800000e-09  1.04912029e+00 
 1.12800000e-09  1.04891787e+00  1.12800000e-09  1.05343671e+00  1.12800000e-09  1.03823127e+00  1.12800000e-09  1.04912029e+00 
 1.22800000e-09  1.04891787e+00  1.22800000e-09  1.05343671e+00  1.22800000e-09  1.03823127e+00  1.22800000e-09  1.04912029e+00 
 1.32800000e-09  1.04891787e+00  1.32800000e-09  1.05343671e+00  1.32800000e-09  1.03823127e+00  1.32800000e-09  1.04912029e+00 
 1.42800000e-09  1.04891787e+00  1.42800000e-09  1.05343671e+00  1.42800000e-09  1.03823127e+00  1.42800000e-09  1.04912029e+00 
 1.52800000e-09  1.04891787e+00  1.52800000e-09  1.05343671e+00  1.52800000e-09  1.03823127e+00  1.52800000e-09  1.04912029e+00 
 1.62800000e-09  1.04891787e+00  1.62800000e-09  1.05343671e+00  1.62800000e-09  1.03823127e+00  1.62800000e-09  1.04912029e+00 
 1.72800000e-09  1.04891787e+00  1.72800000e-09  1.05343671e+00  1.72800000e-09  1.03823127e+00  1.72800000e-09  1.04912029e+00 
 1.82800000e-09  1.04891787e+00  1.82800000e-09  1.05343671e+00  1.82800000e-09  1.03823127e+00  1.82800000e-09  1.04912029e+00 
 1.91400000e-09  1.04891787e+00  1.91400000e-09  1.05343671e+00  1.91400000e-09  1.03823127e+00  1.91400000e-09  1.04912029e+00 
 2.00000000e-09  1.04891787e+00  2.00000000e-09  1.05343671e+00  2.00000000e-09  1.03823127e+00  2.00000000e-09  1.04912029e+00 
 2.01000000e-09  1.04891836e+00  2.01000000e-09  1.05343671e+00  2.01000000e-09  1.03823127e+00  2.01000000e-09  1.04912029e+00 
 2.03000000e-09  1.04891962e+00  2.03000000e-09  1.05343671e+00  2.03000000e-09  1.03823127e+00  2.03000000e-09  1.04912029e+00 
 2.06500000e-09  1.04898065e+00  2.06500000e-09  1.05343671e+00  2.06500000e-09  1.03823127e+00  2.06500000e-09  1.04912029e+00 
 2.06937500e-09  1.04900283e+00  2.06937500e-09  1.05343671e+00  2.06937500e-09  1.03823127e+00  2.06937500e-09  1.04912029e+00 
 2.07812500e-09  1.04908183e+00  2.07812500e-09  1.05343671e+00  2.07812500e-09  1.03823127e+00  2.07812500e-09  1.04912029e+00 
 2.08906250e-09  1.04933032e+00  2.08906250e-09  1.05343671e+00  2.08906250e-09  1.03823126e+00  2.08906250e-09  1.04912029e+00 
 2.10000000e-09  1.04966825e+00  2.10000000e-09  1.05343671e+00  2.10000000e-09  1.03823126e+00  2.10000000e-09  1.04912029e+00 
 2.10218750e-09  1.04971579e+00  2.10218750e-09  1.05343671e+00  2.10218750e-09  1.03823126e+00  2.10218750e-09  1.04912029e+00 
 2.10656250e-09  1.04979277e+00  2.10656250e-09  1.05343670e+00  2.10656250e-09  1.03823127e+00  2.10656250e-09  1.04912029e+00 
 2.11531250e-09  1.04988972e+00  2.11531250e-09  1.05343668e+00  2.11531250e-09  1.03823127e+00  2.11531250e-09  1.04912028e+00 
 2.13281250e-09  1.05001333e+00  2.13281250e-09  1.05343648e+00  2.13281250e-09  1.03823125e+00  2.13281250e-09  1.04912016e+00 
 2.16781250e-09  1.05008906e+00  2.16781250e-09  1.05341567e+00  2.16781250e-09  1.03823084e+00  2.16781250e-09  1.04911006e+00 
 2.23781250e-09  1.05010082e+00  2.23781250e-09  1.05345402e+00  2.23781250e-09  1.03823198e+00  2.23781250e-09  1.04913545e+00 
 2.32862687e-09  1.05009764e+00  2.32862687e-09  1.05344059e+00  2.32862687e-09  1.03823056e+00  2.32862687e-09  1.04911155e+00 
 2.42862687e-09  1.05009879e+00  2.42862687e-09  1.05341848e+00  2.42862687e-09  1.03823160e+00  2.42862687e-09  1.04911733e+00 
 2.52862687e-09  1.05009843e+00  2.52862687e-09  1.05346487e+00  2.52862687e-09  1.03823137e+00  2.52862687e-09  1.04913458e+00 
 2.62862687e-09  1.05009840e+00  2.62862687e-09  1.05340154e+00  2.62862687e-09  1.03823062e+00  2.62862687e-09  1.04909679e+00 
 2.72862687e-09  1.05009864e+00  2.72862687e-09  1.05347632e+00  2.72862687e-09  1.03823237e+00  2.72862687e-09  1.04915070e+00 
 2.82862687e-09  1.05009826e+00  2.82862687e-09  1.05339444e+00  2.82862687e-09  1.03822968e+00  2.82862687e-09  1.04908520e+00 
 2.92862687e-09  1.05009875e+00  2.92862687e-09  1.05348017e+00  2.92862687e-09  1.03823320e+00  2.92862687e-09  1.04915835e+00 
 3.02862687e-09  1.05009817e+00  3.02862687e-09  1.05339309e+00  3.02862687e-09  1.03822899e+00  3.02862687e-09  1.04908079e+00 
 3.12862687e-09  1.05009883e+00  3.12862687e-09  1.05347969e+00  3.12862687e-09  1.03823375e+00  3.12862687e-09  1.04916020e+00 
 3.22862687e-09  1.05009811e+00  3.22862687e-09  1.05339495e+00  3.22862687e-09  1.03822858e+00  3.22862687e-09  1.04908092e+00 
 3.32862687e-09  1.05009889e+00  3.32862687e-09  1.05347685e+00  3.32862687e-09  1.03823403e+00  3.32862687e-09  1.04915857e+00 
 3.42862687e-09  1.05009806e+00  3.42862687e-09  1.05339847e+00  3.42862687e-09  1.03822841e+00  3.42862687e-09  1.04908365e+00 
 3.52862687e-09  1.05009893e+00  3.52862687e-09  1.05347286e+00  3.52862687e-09  1.03823410e+00  3.52862687e-09  1.04915505e+00 
 3.62862687e-09  1.05009802e+00  3.62862687e-09  1.05340274e+00  3.62862687e-09  1.03822843e+00  3.62862687e-09  1.04908769e+00 
 3.72862687e-09  1.05009896e+00  3.72862687e-09  1.05346844e+00  3.72862687e-09  1.03823402e+00  3.72862687e-09  1.04915067e+00 
 3.82862687e-09  1.05009800e+00  3.82862687e-09  1.05340721e+00  3.82862687e-09  1.03822856e+00  3.82862687e-09  1.04909224e+00 
 3.92862687e-09  1.05009898e+00  3.92862687e-09  1.05346400e+00  3.92862687e-09  1.03823384e+00  3.92862687e-09  1.04914606e+00 
 4.02862687e-09  1.05009798e+00  4.02862687e-09  1.05341154e+00  4.02862687e-09  1.03822876e+00  4.02862687e-09  1.04909682e+00 
 4.12862687e-09  1.05009900e+00  4.12862687e-09  1.05345980e+00  4.12862687e-09  1.03823362e+00  4.12862687e-09  1.04914158e+00 
 4.22862687e-09  1.05009797e+00  4.22862687e-09  1.05341558e+00  4.22862687e-09  1.03822899e+00  4.22862687e-09  1.04910114e+00 
 4.32862687e-09  1.05009900e+00  4.32862687e-09  1.05345595e+00  4.32862687e-09  1.03823338e+00  4.32862687e-09  1.04913744e+00 
 4.42862687e-09  1.05009796e+00  4.42862687e-09  1.05341922e+00  4.42862687e-09  1.03822923e+00  4.42862687e-09  1.04910505e+00 
 4.52862687e-09  1.05009901e+00  4.52862687e-09  1.05345251e+00  4.52862687e-09  1.03823315e+00  4.52862687e-09  1.04913376e+00 
 4.62862687e-09  1.05009796e+00  4.62862687e-09  1.05342245e+00  4.62862687e-09  1.03822946e+00  4.62862687e-09  1.04910850e+00 
 4.72862687e-09  1.05009900e+00  4.72862687e-09  1.05344949e+00  4.72862687e-09  1.03823294e+00  4.72862687e-09  1.04913054e+00 
 4.81431344e-09  1.05009797e+00  4.81431344e-09  1.05342547e+00  4.81431344e-09  1.03822968e+00  4.81431344e-09  1.04911170e+00 
 4.90000000e-09  1.05009900e+00  4.90000000e-09  1.05344649e+00  4.90000000e-09  1.03823272e+00  4.90000000e-09  1.04912739e+00 
 4.91000000e-09  1.05018794e+00  4.91000000e-09  1.05343907e+00  4.91000000e-09  1.03823141e+00  4.91000000e-09  1.04912273e+00 
 4.93000000e-09  1.05010604e+00  4.93000000e-09  1.05343497e+00  4.93000000e-09  1.03823114e+00  4.93000000e-09  1.04911874e+00 
 4.96500000e-09  1.05173442e+00  4.96500000e-09  1.05343828e+00  4.96500000e-09  1.03823133e+00  4.96500000e-09  1.04912162e+00 
 5.00000000e-09  1.05248793e+00  5.00000000e-09  1.05343529e+00  5.00000000e-09  1.03823117e+00  5.00000000e-09  1.04911914e+00 
 5.00700000e-09  1.05222995e+00  5.00700000e-09  1.05343644e+00  5.00700000e-09  1.03823121e+00  5.00700000e-09  1.04912006e+00 
 5.02100000e-09  1.05141409e+00  5.02100000e-09  1.05343685e+00  5.02100000e-09  1.03823124e+00  5.02100000e-09  1.04912046e+00 
 5.04900000e-09  1.05021633e+00  5.04900000e-09  1.05343655e+00  5.04900000e-09  1.03823121e+00  5.04900000e-09  1.04912018e+00 
 5.10500000e-09  1.05002953e+00  5.10500000e-09  1.05343677e+00  5.10500000e-09  1.03823125e+00  5.10500000e-09  1.04912038e+00 
 5.20500000e-09  1.05009389e+00  5.20500000e-09  1.05343663e+00  5.20500000e-09  1.03823126e+00  5.20500000e-09  1.04912022e+00 
 5.30500000e-09  1.05010903e+00  5.30500000e-09  1.05343675e+00  5.30500000e-09  1.03823124e+00  5.30500000e-09  1.04912036e+00 
 5.40500000e-09  1.05008692e+00  5.40500000e-09  1.05343664e+00  5.40500000e-09  1.03823126e+00  5.40500000e-09  1.04912023e+00 
 5.50500000e-09  1.05010894e+00  5.50500000e-09  1.05343675e+00  5.50500000e-09  1.03823123e+00  5.50500000e-09  1.04912035e+00 
 5.60500000e-09  1.05008935e+00  5.60500000e-09  1.05343665e+00  5.60500000e-09  1.03823126e+00  5.60500000e-09  1.04912025e+00 
 5.70500000e-09  1.05010614e+00  5.70500000e-09  1.05343674e+00  5.70500000e-09  1.03823124e+00  5.70500000e-09  1.04912033e+00 
 5.80500000e-09  1.05009195e+00  5.80500000e-09  1.05343666e+00  5.80500000e-09  1.03823126e+00  5.80500000e-09  1.04912026e+00 
 5.90500000e-09  1.05010386e+00  5.90500000e-09  1.05343673e+00  5.90500000e-09  1.03823124e+00  5.90500000e-09  1.04912032e+00 
 6.00500000e-09  1.05009386e+00  6.00500000e-09  1.05343667e+00  6.00500000e-09  1.03823126e+00  6.00500000e-09  1.04912027e+00 
 6.10500000e-09  1.05010223e+00  6.10500000e-09  1.05343672e+00  6.10500000e-09  1.03823124e+00  6.10500000e-09  1.04912031e+00 
 6.20500000e-09  1.05009519e+00  6.20500000e-09  1.05343668e+00  6.20500000e-09  1.03823126e+00  6.20500000e-09  1.04912028e+00 
 6.30500000e-09  1.05010109e+00  6.30500000e-09  1.05343671e+00  6.30500000e-09  1.03823124e+00  6.30500000e-09  1.04912030e+00 
 6.40500000e-09  1.05009611e+00  6.40500000e-09  1.05343668e+00  6.40500000e-09  1.03823126e+00  6.40500000e-09  1.04912029e+00 
 6.50500000e-09  1.05010029e+00  6.50500000e-09  1.05343671e+00  6.50500000e-09  1.03823124e+00  6.50500000e-09  1.04912030e+00 
 6.60500000e-09  1.05009674e+00  6.60500000e-09  1.05343669e+00  6.60500000e-09  1.03823126e+00  6.60500000e-09  1.04912029e+00 
 6.70500000e-09  1.05009972e+00  6.70500000e-09  1.05343670e+00  6.70500000e-09  1.03823124e+00  6.70500000e-09  1.04912029e+00 
 6.80500000e-09  1.05009717e+00  6.80500000e-09  1.05343670e+00  6.80500000e-09  1.03823126e+00  6.80500000e-09  1.04912030e+00 
 6.90500000e-09  1.05009931e+00  6.90500000e-09  1.05343670e+00  6.90500000e-09  1.03823124e+00  6.90500000e-09  1.04912029e+00 
 7.00500000e-09  1.05009747e+00  7.00500000e-09  1.05343670e+00  7.00500000e-09  1.03823126e+00  7.00500000e-09  1.04912030e+00 
 7.10000000e-09  1.05009901e+00  7.10000000e-09  1.05343669e+00  7.10000000e-09  1.03823124e+00  7.10000000e-09  1.04912029e+00 
 7.11000000e-09  1.05009976e+00  7.11000000e-09  1.05343670e+00  7.11000000e-09  1.03823125e+00  7.11000000e-09  1.04912030e+00 
 7.13000000e-09  1.05009950e+00  7.13000000e-09  1.05343670e+00  7.13000000e-09  1.03823125e+00  7.13000000e-09  1.04912029e+00 
 7.16500000e-09  1.05001467e+00  7.16500000e-09  1.05343670e+00  7.16500000e-09  1.03823125e+00  7.16500000e-09  1.04912029e+00 
 7.20000000e-09  1.04983368e+00  7.20000000e-09  1.05343670e+00  7.20000000e-09  1.03823125e+00  7.20000000e-09  1.04912029e+00 
 7.20700000e-09  1.04980511e+00  7.20700000e-09  1.05343670e+00  7.20700000e-09  1.03823125e+00  7.20700000e-09  1.04912029e+00 
 7.22100000e-09  1.04975942e+00  7.22100000e-09  1.05343670e+00  7.22100000e-09  1.03823125e+00  7.22100000e-09  1.04912029e+00 
 7.24900000e-09  1.04968180e+00  7.24900000e-09  1.05343670e+00  7.24900000e-09  1.03823125e+00  7.24900000e-09  1.04912029e+00 
 7.30500000e-09  1.04958033e+00  7.30500000e-09  1.05343670e+00  7.30500000e-09  1.03823126e+00  7.30500000e-09  1.04912029e+00 
 7.40500000e-09  1.04952432e+00  7.40500000e-09  1.05343670e+00  7.40500000e-09  1.03823126e+00  7.40500000e-09  1.04912029e+00 
 7.50500000e-09  1.04948893e+00  7.50500000e-09  1.05343671e+00  7.50500000e-09  1.03823126e+00  7.50500000e-09  1.04912029e+00 
 7.60500000e-09  1.04947142e+00  7.60500000e-09  1.05343671e+00  7.60500000e-09  1.03823126e+00  7.60500000e-09  1.04912029e+00 
 7.70500000e-09  1.04945195e+00  7.70500000e-09  1.05343671e+00  7.70500000e-09  1.03823126e+00  7.70500000e-09  1.04912029e+00 
 7.80500000e-09  1.04944186e+00  7.80500000e-09  1.05343671e+00  7.80500000e-09  1.03823126e+00  7.80500000e-09  1.04912029e+00 
 7.90500000e-09  1.04942861e+00  7.90500000e-09  1.05343671e+00  7.90500000e-09  1.03823126e+00  7.90500000e-09  1.04912029e+00 
 8.00500000e-09  1.04942142e+00  8.00500000e-09  1.05343671e+00  8.00500000e-09  1.03823126e+00  8.00500000e-09  1.04912029e+00 
 8.10500000e-09  1.04941154e+00  8.10500000e-09  1.05343671e+00  8.10500000e-09  1.03823126e+00  8.10500000e-09  1.04912029e+00 
 8.20500000e-09  1.04940586e+00  8.20500000e-09  1.05343671e+00  8.20500000e-09  1.03823126e+00  8.20500000e-09  1.04912029e+00 
 8.30500000e-09  1.04939815e+00  8.30500000e-09  1.05343671e+00  8.30500000e-09  1.03823126e+00  8.30500000e-09  1.04912029e+00 
 8.40500000e-09  1.04939337e+00  8.40500000e-09  1.05343671e+00  8.40500000e-09  1.03823126e+00  8.40500000e-09  1.04912029e+00 
 8.50500000e-09  1.04938718e+00  8.50500000e-09  1.05343671e+00  8.50500000e-09  1.03823126e+00  8.50500000e-09  1.04912029e+00 
 8.60500000e-09  1.04938298e+00  8.60500000e-09  1.05343671e+00  8.60500000e-09  1.03823126e+00  8.60500000e-09  1.04912029e+00 
 8.70500000e-09  1.04937789e+00  8.70500000e-09  1.05343671e+00  8.70500000e-09  1.03823126e+00  8.70500000e-09  1.04912029e+00 
 8.80500000e-09  1.04937410e+00  8.80500000e-09  1.05343671e+00  8.80500000e-09  1.03823126e+00  8.80500000e-09  1.04912029e+00 
 8.90500000e-09  1.04936982e+00  8.90500000e-09  1.05343671e+00  8.90500000e-09  1.03823126e+00  8.90500000e-09  1.04912029e+00 
 9.00500000e-09  1.04936632e+00  9.00500000e-09  1.05343671e+00  9.00500000e-09  1.03823126e+00  9.00500000e-09  1.04912029e+00 
 9.10500000e-09  1.04936266e+00  9.10500000e-09  1.05343671e+00  9.10500000e-09  1.03823126e+00  9.10500000e-09  1.04912029e+00 
 9.20500000e-09  1.04935937e+00  9.20500000e-09  1.05343671e+00  9.20500000e-09  1.03823126e+00  9.20500000e-09  1.04912029e+00 
 9.30500000e-09  1.04935619e+00  9.30500000e-09  1.05343671e+00  9.30500000e-09  1.03823126e+00  9.30500000e-09  1.04912029e+00 
 9.40500000e-09  1.04935310e+00  9.40500000e-09  1.05343671e+00  9.40500000e-09  1.03823126e+00  9.40500000e-09  1.04912029e+00 
 9.50500000e-09  1.04935031e+00  9.50500000e-09  1.05343671e+00  9.50500000e-09  1.03823126e+00  9.50500000e-09  1.04912029e+00 
 9.60500000e-09  1.04934738e+00  9.60500000e-09  1.05343671e+00  9.60500000e-09  1.03823126e+00  9.60500000e-09  1.04912029e+00 
 9.70500000e-09  1.04934491e+00  9.70500000e-09  1.05343671e+00  9.70500000e-09  1.03823126e+00  9.70500000e-09  1.04912029e+00 
 9.80500000e-09  1.04934215e+00  9.80500000e-09  1.05343671e+00  9.80500000e-09  1.03823126e+00  9.80500000e-09  1.04912029e+00 
 9.90500000e-09  1.04933995e+00  9.90500000e-09  1.05343671e+00  9.90500000e-09  1.03823126e+00  9.90500000e-09  1.04912029e+00 
 1.00050000e-08  1.04933733e+00  1.00050000e-08  1.05343671e+00  1.00050000e-08  1.03823126e+00  1.00050000e-08  1.04912029e+00 
 1.01050000e-08  1.04933535e+00  1.01050000e-08  1.05343671e+00  1.01050000e-08  1.03823126e+00  1.01050000e-08  1.04912029e+00 
 1.02050000e-08  1.04933287e+00  1.02050000e-08  1.05343671e+00  1.02050000e-08  1.03823126e+00  1.02050000e-08  1.04912029e+00 
 1.03050000e-08  1.04933108e+00  1.03050000e-08  1.05343671e+00  1.03050000e-08  1.03823126e+00  1.03050000e-08  1.04912029e+00 
 1.04050000e-08  1.04932873e+00  1.04050000e-08  1.05343671e+00  1.04050000e-08  1.03823126e+00  1.04050000e-08  1.04912029e+00 
 1.05050000e-08  1.04932709e+00  1.05050000e-08  1.05343671e+00  1.05050000e-08  1.03823126e+00  1.05050000e-08  1.04912029e+00 
 1.06050000e-08  1.04932486e+00  1.06050000e-08  1.05343671e+00  1.06050000e-08  1.03823126e+00  1.06050000e-08  1.04912029e+00 
 1.07050000e-08  1.04932335e+00  1.07050000e-08  1.05343671e+00  1.07050000e-08  1.03823126e+00  1.07050000e-08  1.04912029e+00 
 1.08050000e-08  1.04932123e+00  1.08050000e-08  1.05343671e+00  1.08050000e-08  1.03823126e+00  1.08050000e-08  1.04912029e+00 
 1.09050000e-08  1.04931983e+00  1.09050000e-08  1.05343671e+00  1.09050000e-08  1.03823126e+00  1.09050000e-08  1.04912029e+00 
 1.10050000e-08  1.04931781e+00  1.10050000e-08  1.05343671e+00  1.10050000e-08  1.03823126e+00  1.10050000e-08  1.04912029e+00 
 1.11050000e-08  1.04931650e+00  1.11050000e-08  1.05343671e+00  1.11050000e-08  1.03823126e+00  1.11050000e-08  1.04912029e+00 
 1.12050000e-08  1.04931458e+00  1.12050000e-08  1.05343671e+00  1.12050000e-08  1.03823126e+00  1.12050000e-08  1.04912029e+00 
 1.13050000e-08  1.04931335e+00  1.13050000e-08  1.05343671e+00  1.13050000e-08  1.03823126e+00  1.13050000e-08  1.04912029e+00 
 1.14050000e-08  1.04931152e+00  1.14050000e-08  1.05343671e+00  1.14050000e-08  1.03823126e+00  1.14050000e-08  1.04912029e+00 
 1.15050000e-08  1.04931036e+00  1.15050000e-08  1.05343671e+00  1.15050000e-08  1.03823126e+00  1.15050000e-08  1.04912029e+00 
 1.16050000e-08  1.04930861e+00  1.16050000e-08  1.05343671e+00  1.16050000e-08  1.03823126e+00  1.16050000e-08  1.04912029e+00 
 1.17050000e-08  1.04930751e+00  1.17050000e-08  1.05343671e+00  1.17050000e-08  1.03823126e+00  1.17050000e-08  1.04912029e+00 
 1.18050000e-08  1.04930585e+00  1.18050000e-08  1.05343671e+00  1.18050000e-08  1.03823126e+00  1.18050000e-08  1.04912029e+00 
 1.19050000e-08  1.04930480e+00  1.19050000e-08  1.05343671e+00  1.19050000e-08  1.03823126e+00  1.19050000e-08  1.04912029e+00 
 1.20000000e-08  1.04930327e+00  1.20000000e-08  1.05343671e+00  1.20000000e-08  1.03823126e+00  1.20000000e-08  1.04912029e+00 
 1.20100000e-08  1.04929892e+00  1.20100000e-08  1.05343671e+00  1.20100000e-08  1.03823126e+00  1.20100000e-08  1.04912029e+00 
 1.20300000e-08  1.04927220e+00  1.20300000e-08  1.05343671e+00  1.20300000e-08  1.03823126e+00  1.20300000e-08  1.04912029e+00 
 1.20650000e-08  1.04931827e+00  1.20650000e-08  1.05343671e+00  1.20650000e-08  1.03823126e+00  1.20650000e-08  1.04912029e+00 
 1.21000000e-08  1.04974746e+00  1.21000000e-08  1.05343671e+00  1.21000000e-08  1.03823126e+00  1.21000000e-08  1.04912029e+00 
 1.21070000e-08  1.04986385e+00  1.21070000e-08  1.05343671e+00  1.21070000e-08  1.03823126e+00  1.21070000e-08  1.04912029e+00 
 1.21210000e-08  1.05001637e+00  1.21210000e-08  1.05343671e+00  1.21210000e-08  1.03823126e+00  1.21210000e-08  1.04912029e+00 
 1.21490000e-08  1.05007046e+00  1.21490000e-08  1.05343671e+00  1.21490000e-08  1.03823125e+00  1.21490000e-08  1.04912029e+00 
 1.22050000e-08  1.05010422e+00  1.22050000e-08  1.05343670e+00  1.22050000e-08  1.03823125e+00  1.22050000e-08  1.04912029e+00 
 1.23050000e-08  1.05009553e+00  1.23050000e-08  1.05343670e+00  1.23050000e-08  1.03823125e+00  1.23050000e-08  1.04912029e+00 
 1.24050000e-08  1.05010004e+00  1.24050000e-08  1.05343670e+00  1.24050000e-08  1.03823125e+00  1.24050000e-08  1.04912029e+00 
 1.25050000e-08  1.05009805e+00  1.25050000e-08  1.05343670e+00  1.25050000e-08  1.03823125e+00  1.25050000e-08  1.04912029e+00 
 1.26050000e-08  1.05009827e+00  1.26050000e-08  1.05343670e+00  1.26050000e-08  1.03823125e+00  1.26050000e-08  1.04912029e+00 
 1.27050000e-08  1.05009934e+00  1.27050000e-08  1.05343670e+00  1.27050000e-08  1.03823125e+00  1.27050000e-08  1.04912029e+00 
 1.28050000e-08  1.05009728e+00  1.28050000e-08  1.05343670e+00  1.28050000e-08  1.03823125e+00  1.28050000e-08  1.04912029e+00 
 1.29050000e-08  1.05010019e+00  1.29050000e-08  1.05343670e+00  1.29050000e-08  1.03823125e+00  1.29050000e-08  1.04912029e+00 
 1.30050000e-08  1.05009674e+00  1.30050000e-08  1.05343670e+00  1.30050000e-08  1.03823125e+00  1.30050000e-08  1.04912029e+00 
 1.31050000e-08  1.05010078e+00  1.31050000e-08  1.05343670e+00  1.31050000e-08  1.03823125e+00  1.31050000e-08  1.04912029e+00 
 1.32050000e-08  1.05009643e+00  1.32050000e-08  1.05343670e+00  1.32050000e-08  1.03823125e+00  1.32050000e-08  1.04912029e+00 
 1.33050000e-08  1.05010106e+00  1.33050000e-08  1.05343670e+00  1.33050000e-08  1.03823125e+00  1.33050000e-08  1.04912029e+00 
 1.34050000e-08  1.05009627e+00  1.34050000e-08  1.05343670e+00  1.34050000e-08  1.03823125e+00  1.34050000e-08  1.04912029e+00 
 1.35050000e-08  1.05010116e+00  1.35050000e-08  1.05343670e+00  1.35050000e-08  1.03823125e+00  1.35050000e-08  1.04912029e+00 
 1.36050000e-08  1.05009621e+00  1.36050000e-08  1.05343670e+00  1.36050000e-08  1.03823125e+00  1.36050000e-08  1.04912029e+00 
 1.37050000e-08  1.05010114e+00  1.37050000e-08  1.05343670e+00  1.37050000e-08  1.03823125e+00  1.37050000e-08  1.04912029e+00 
 1.38050000e-08  1.05009623e+00  1.38050000e-08  1.05343670e+00  1.38050000e-08  1.03823125e+00  1.38050000e-08  1.04912029e+00 
 1.39050000e-08  1.05010104e+00  1.39050000e-08  1.05343670e+00  1.39050000e-08  1.03823125e+00  1.39050000e-08  1.04912029e+00 
 1.40050000e-08  1.05009631e+00  1.40050000e-08  1.05343670e+00  1.40050000e-08  1.03823125e+00  1.40050000e-08  1.04912029e+00 
 1.41050000e-08  1.05010090e+00  1.41050000e-08  1.05343670e+00  1.41050000e-08  1.03823125e+00  1.41050000e-08  1.04912029e+00 
 1.42050000e-08  1.05009643e+00  1.42050000e-08  1.05343670e+00  1.42050000e-08  1.03823125e+00  1.42050000e-08  1.04912029e+00 
 1.43050000e-08  1.05010072e+00  1.43050000e-08  1.05343670e+00  1.43050000e-08  1.03823125e+00  1.43050000e-08  1.04912029e+00 
 1.44050000e-08  1.05009656e+00  1.44050000e-08  1.05343670e+00  1.44050000e-08  1.03823125e+00  1.44050000e-08  1.04912029e+00 
 1.45050000e-08  1.05010054e+00  1.45050000e-08  1.05343670e+00  1.45050000e-08  1.03823125e+00  1.45050000e-08  1.04912029e+00 
 1.46050000e-08  1.05009671e+00  1.46050000e-08  1.05343670e+00  1.46050000e-08  1.03823125e+00  1.46050000e-08  1.04912029e+00 
 1.47050000e-08  1.05010035e+00  1.47050000e-08  1.05343670e+00  1.47050000e-08  1.03823125e+00  1.47050000e-08  1.04912029e+00 
 1.48050000e-08  1.05009687e+00  1.48050000e-08  1.05343670e+00  1.48050000e-08  1.03823125e+00  1.48050000e-08  1.04912029e+00 
 1.49000000e-08  1.05010016e+00  1.49000000e-08  1.05343670e+00  1.49000000e-08  1.03823125e+00  1.49000000e-08  1.04912029e+00 
 1.49100000e-08  1.05054970e+00  1.49100000e-08  1.05343670e+00  1.49100000e-08  1.03823125e+00  1.49100000e-08  1.04912029e+00 
 1.49300000e-08  1.05074258e+00  1.49300000e-08  1.05343670e+00  1.49300000e-08  1.03823125e+00  1.49300000e-08  1.04912029e+00 
 1.49650000e-08  1.05023173e+00  1.49650000e-08  1.05343670e+00  1.49650000e-08  1.03823125e+00  1.49650000e-08  1.04912029e+00 
 1.50000000e-08  1.04894660e+00  1.50000000e-08  1.05343669e+00  1.50000000e-08  1.03823123e+00  1.50000000e-08  1.04912029e+00 
 1.50070000e-08  1.04890058e+00  1.50070000e-08  1.05343669e+00  1.50070000e-08  1.03823124e+00  1.50070000e-08  1.04912029e+00 
 1.50210000e-08  1.04896035e+00  1.50210000e-08  1.05343669e+00  1.50210000e-08  1.03823125e+00  1.50210000e-08  1.04912029e+00 
 1.50490000e-08  1.04935574e+00  1.50490000e-08  1.05343671e+00  1.50490000e-08  1.03823127e+00  1.50490000e-08  1.04912029e+00 
 1.51050000e-08  1.04984984e+00  1.51050000e-08  1.05343672e+00  1.51050000e-08  1.03823126e+00  1.51050000e-08  1.04912029e+00 
 1.52050000e-08  1.05001199e+00  1.52050000e-08  1.05343669e+00  1.52050000e-08  1.03823124e+00  1.52050000e-08  1.04912029e+00 
 1.53050000e-08  1.05003438e+00  1.53050000e-08  1.05343670e+00  1.53050000e-08  1.03823126e+00  1.53050000e-08  1.04912029e+00 
 1.54050000e-08  1.05005971e+00  1.54050000e-08  1.05343670e+00  1.54050000e-08  1.03823125e+00  1.54050000e-08  1.04912029e+00 
 1.55050000e-08  1.05006449e+00  1.55050000e-08  1.05343670e+00  1.55050000e-08  1.03823125e+00  1.55050000e-08  1.04912029e+00 
 1.56050000e-08  1.05007468e+00  1.56050000e-08  1.05343670e+00  1.56050000e-08  1.03823125e+00  1.56050000e-08  1.04912029e+00 
 1.57050000e-08  1.05007584e+00  1.57050000e-08  1.05343670e+00  1.57050000e-08  1.03823125e+00  1.57050000e-08  1.04912029e+00 
 1.58050000e-08  1.05008194e+00  1.58050000e-08  1.05343670e+00  1.58050000e-08  1.03823125e+00  1.58050000e-08  1.04912029e+00 
 1.59050000e-08  1.05008169e+00  1.59050000e-08  1.05343670e+00  1.59050000e-08  1.03823125e+00  1.59050000e-08  1.04912029e+00 
 1.60050000e-08  1.05008611e+00  1.60050000e-08  1.05343670e+00  1.60050000e-08  1.03823125e+00  1.60050000e-08  1.04912029e+00 
 1.61050000e-08  1.05008524e+00  1.61050000e-08  1.05343670e+00  1.61050000e-08  1.03823125e+00  1.61050000e-08  1.04912029e+00 
 1.62050000e-08  1.05008876e+00  1.62050000e-08  1.05343670e+00  1.62050000e-08  1.03823125e+00  1.62050000e-08  1.04912029e+00 
 1.63050000e-08  1.05008763e+00  1.63050000e-08  1.05343670e+00  1.63050000e-08  1.03823125e+00  1.63050000e-08  1.04912029e+00 
 1.64050000e-08  1.05009057e+00  1.64050000e-08  1.05343670e+00  1.64050000e-08  1.03823125e+00  1.64050000e-08  1.04912029e+00 
 1.65050000e-08  1.05008933e+00  1.65050000e-08  1.05343670e+00  1.65050000e-08  1.03823125e+00  1.65050000e-08  1.04912029e+00 
 1.66050000e-08  1.05009187e+00  1.66050000e-08  1.05343670e+00  1.66050000e-08  1.03823125e+00  1.66050000e-08  1.04912029e+00 
 1.67050000e-08  1.05009061e+00  1.67050000e-08  1.05343670e+00  1.67050000e-08  1.03823125e+00  1.67050000e-08  1.04912029e+00 
 1.68050000e-08  1.05009284e+00  1.68050000e-08  1.05343670e+00  1.68050000e-08  1.03823125e+00  1.68050000e-08  1.04912029e+00 
 1.69050000e-08  1.05009161e+00  1.69050000e-08  1.05343670e+00  1.69050000e-08  1.03823125e+00  1.69050000e-08  1.04912029e+00 
 1.70050000e-08  1.05009359e+00  1.70050000e-08  1.05343670e+00  1.70050000e-08  1.03823125e+00  1.70050000e-08  1.04912029e+00 
 1.71000000e-08  1.05009239e+00  1.71000000e-08  1.05343670e+00  1.71000000e-08  1.03823125e+00  1.71000000e-08  1.04912029e+00 
 1.71100000e-08  1.05009437e+00  1.71100000e-08  1.05343670e+00  1.71100000e-08  1.03823125e+00  1.71100000e-08  1.04912029e+00 
 1.71300000e-08  1.05009456e+00  1.71300000e-08  1.05343670e+00  1.71300000e-08  1.03823125e+00  1.71300000e-08  1.04912029e+00 
 1.71650000e-08  1.05000912e+00  1.71650000e-08  1.05343670e+00  1.71650000e-08  1.03823125e+00  1.71650000e-08  1.04912029e+00 
 1.72000000e-08  1.04982824e+00  1.72000000e-08  1.05343670e+00  1.72000000e-08  1.03823125e+00  1.72000000e-08  1.04912029e+00 
 1.72070000e-08  1.04979996e+00  1.72070000e-08  1.05343670e+00  1.72070000e-08  1.03823125e+00  1.72070000e-08  1.04912029e+00 
 1.72210000e-08  1.04975494e+00  1.72210000e-08  1.05343670e+00  1.72210000e-08  1.03823125e+00  1.72210000e-08  1.04912029e+00 
 1.72490000e-08  1.04967742e+00  1.72490000e-08  1.05343670e+00  1.72490000e-08  1.03823125e+00  1.72490000e-08  1.04912029e+00 
 1.73050000e-08  1.04957542e+00  1.73050000e-08  1.05343670e+00  1.73050000e-08  1.03823126e+00  1.73050000e-08  1.04912029e+00 
 1.74050000e-08  1.04952018e+00  1.74050000e-08  1.05343671e+00  1.74050000e-08  1.03823126e+00  1.74050000e-08  1.04912029e+00 
 1.75050000e-08  1.04948480e+00  1.75050000e-08  1.05343671e+00  1.75050000e-08  1.03823126e+00  1.75050000e-08  1.04912029e+00 
 1.76050000e-08  1.04946774e+00  1.76050000e-08  1.05343671e+00  1.76050000e-08  1.03823126e+00  1.76050000e-08  1.04912029e+00 
 1.77050000e-08  1.04944829e+00  1.77050000e-08  1.05343671e+00  1.77050000e-08  1.03823126e+00  1.77050000e-08  1.04912029e+00 
 1.78050000e-08  1.04943853e+00  1.78050000e-08  1.05343671e+00  1.78050000e-08  1.03823126e+00  1.78050000e-08  1.04912029e+00 
 1.79050000e-08  1.04942531e+00  1.79050000e-08  1.05343671e+00  1.79050000e-08  1.03823126e+00  1.79050000e-08  1.04912029e+00 
 1.80050000e-08  1.04941837e+00  1.80050000e-08  1.05343671e+00  1.80050000e-08  1.03823126e+00  1.80050000e-08  1.04912029e+00 
 1.81050000e-08  1.04940852e+00  1.81050000e-08  1.05343671e+00  1.81050000e-08  1.03823126e+00  1.81050000e-08  1.04912029e+00 
 1.82050000e-08  1.04940301e+00  1.82050000e-08  1.05343671e+00  1.82050000e-08  1.03823126e+00  1.82050000e-08  1.04912029e+00 
 1.83050000e-08  1.04939532e+00  1.83050000e-08  1.05343671e+00  1.83050000e-08  1.03823126e+00  1.83050000e-08  1.04912029e+00 
 1.84050000e-08  1.04939065e+00  1.84050000e-08  1.05343671e+00  1.84050000e-08  1.03823126e+00  1.84050000e-08  1.04912029e+00 
 1.85050000e-08  1.04938445e+00  1.85050000e-08  1.05343671e+00  1.85050000e-08  1.03823126e+00  1.85050000e-08  1.04912029e+00 
 1.86050000e-08  1.04938033e+00  1.86050000e-08  1.05343671e+00  1.86050000e-08  1.03823126e+00  1.86050000e-08  1.04912029e+00 
 1.87050000e-08  1.04937523e+00  1.87050000e-08  1.05343671e+00  1.87050000e-08  1.03823126e+00  1.87050000e-08  1.04912029e+00 
 1.88050000e-08  1.04937149e+00  1.88050000e-08  1.05343671e+00  1.88050000e-08  1.03823126e+00  1.88050000e-08  1.04912029e+00 
 1.89050000e-08  1.04936722e+00  1.89050000e-08  1.05343671e+00  1.89050000e-08  1.03823126e+00  1.89050000e-08  1.04912029e+00 
 1.90050000e-08  1.04936377e+00  1.90050000e-08  1.05343671e+00  1.90050000e-08  1.03823126e+00  1.90050000e-08  1.04912029e+00 
 1.91050000e-08  1.04936014e+00  1.91050000e-08  1.05343671e+00  1.91050000e-08  1.03823126e+00  1.91050000e-08  1.04912029e+00 
 1.92050000e-08  1.04935692e+00  1.92050000e-08  1.05343671e+00  1.92050000e-08  1.03823126e+00  1.92050000e-08  1.04912029e+00 
 1.93050000e-08  1.04935380e+00  1.93050000e-08  1.05343671e+00  1.93050000e-08  1.03823126e+00  1.93050000e-08  1.04912029e+00 
 1.94050000e-08  1.04935077e+00  1.94050000e-08  1.05343671e+00  1.94050000e-08  1.03823126e+00  1.94050000e-08  1.04912029e+00 
 1.95050000e-08  1.04934806e+00  1.95050000e-08  1.05343671e+00  1.95050000e-08  1.03823126e+00  1.95050000e-08  1.04912029e+00 
 1.96050000e-08  1.04934520e+00  1.96050000e-08  1.05343671e+00  1.96050000e-08  1.03823126e+00  1.96050000e-08  1.04912029e+00 
 1.97050000e-08  1.04934281e+00  1.97050000e-08  1.05343671e+00  1.97050000e-08  1.03823126e+00  1.97050000e-08  1.04912029e+00 
 1.98050000e-08  1.04934010e+00  1.98050000e-08  1.05343671e+00  1.98050000e-08  1.03823126e+00  1.98050000e-08  1.04912029e+00 
 1.99050000e-08  1.04933798e+00  1.99050000e-08  1.05343671e+00  1.99050000e-08  1.03823126e+00  1.99050000e-08  1.04912029e+00 
 2.00050000e-08  1.04933542e+00  2.00050000e-08  1.05343671e+00  2.00050000e-08  1.03823126e+00  2.00050000e-08  1.04912029e+00 
 2.01050000e-08  1.04933351e+00  2.01050000e-08  1.05343671e+00  2.01050000e-08  1.03823126e+00  2.01050000e-08  1.04912029e+00 
 2.02050000e-08  1.04933108e+00  2.02050000e-08  1.05343671e+00  2.02050000e-08  1.03823126e+00  2.02050000e-08  1.04912029e+00 
 2.03050000e-08  1.04932935e+00  2.03050000e-08  1.05343671e+00  2.03050000e-08  1.03823126e+00  2.03050000e-08  1.04912029e+00 
 2.04050000e-08  1.04932704e+00  2.04050000e-08  1.05343671e+00  2.04050000e-08  1.03823126e+00  2.04050000e-08  1.04912029e+00 
 2.05050000e-08  1.04932546e+00  2.05050000e-08  1.05343671e+00  2.05050000e-08  1.03823126e+00  2.05050000e-08  1.04912029e+00 
 2.06050000e-08  1.04932326e+00  2.06050000e-08  1.05343671e+00  2.06050000e-08  1.03823126e+00  2.06050000e-08  1.04912029e+00 
 2.07050000e-08  1.04932181e+00  2.07050000e-08  1.05343671e+00  2.07050000e-08  1.03823126e+00  2.07050000e-08  1.04912029e+00 
 2.08050000e-08  1.04931971e+00  2.08050000e-08  1.05343671e+00  2.08050000e-08  1.03823126e+00  2.08050000e-08  1.04912029e+00 
 2.09050000e-08  1.04931837e+00  2.09050000e-08  1.05343671e+00  2.09050000e-08  1.03823126e+00  2.09050000e-08  1.04912029e+00 
 2.10050000e-08  1.04931637e+00  2.10050000e-08  1.05343671e+00  2.10050000e-08  1.03823126e+00  2.10050000e-08  1.04912029e+00 
 2.11050000e-08  1.04931511e+00  2.11050000e-08  1.05343671e+00  2.11050000e-08  1.03823126e+00  2.11050000e-08  1.04912029e+00 
 2.12050000e-08  1.04931321e+00  2.12050000e-08  1.05343671e+00  2.12050000e-08  1.03823126e+00  2.12050000e-08  1.04912029e+00 
 2.13050000e-08  1.04931203e+00  2.13050000e-08  1.05343671e+00  2.13050000e-08  1.03823126e+00  2.13050000e-08  1.04912029e+00 
 2.14050000e-08  1.04931021e+00  2.14050000e-08  1.05343671e+00  2.14050000e-08  1.03823126e+00  2.14050000e-08  1.04912029e+00 
 2.15050000e-08  1.04930909e+00  2.15050000e-08  1.05343671e+00  2.15050000e-08  1.03823126e+00  2.15050000e-08  1.04912029e+00 
 2.16050000e-08  1.04930736e+00  2.16050000e-08  1.05343671e+00  2.16050000e-08  1.03823126e+00  2.16050000e-08  1.04912029e+00 
 2.17050000e-08  1.04930630e+00  2.17050000e-08  1.05343671e+00  2.17050000e-08  1.03823126e+00  2.17050000e-08  1.04912029e+00 
 2.18050000e-08  1.04930465e+00  2.18050000e-08  1.05343671e+00  2.18050000e-08  1.03823126e+00  2.18050000e-08  1.04912029e+00 
 2.19050000e-08  1.04930364e+00  2.19050000e-08  1.05343671e+00  2.19050000e-08  1.03823126e+00  2.19050000e-08  1.04912029e+00 
 2.20000000e-08  1.04930212e+00  2.20000000e-08  1.05343671e+00  2.20000000e-08  1.03823126e+00  2.20000000e-08  1.04912029e+00 
 2.20100000e-08  1.04929774e+00  2.20100000e-08  1.05343671e+00  2.20100000e-08  1.03823126e+00  2.20100000e-08  1.04912029e+00 
 2.20300000e-08  1.04927080e+00  2.20300000e-08  1.05343671e+00  2.20300000e-08  1.03823126e+00  2.20300000e-08  1.04912029e+00 
 2.20650000e-08  1.04931742e+00  2.20650000e-08  1.05343671e+00  2.20650000e-08  1.03823126e+00  2.20650000e-08  1.04912029e+00 
 2.21000000e-08  1.04974978e+00  2.21000000e-08  1.05343671e+00  2.21000000e-08  1.03823126e+00  2.21000000e-08  1.04912029e+00 
 2.21070000e-08  1.04986671e+00  2.21070000e-08  1.05343671e+00  2.21070000e-08  1.03823126e+00  2.21070000e-08  1.04912029e+00 
 2.21210000e-08  1.05001932e+00  2.21210000e-08  1.05343671e+00  2.21210000e-08  1.03823126e+00  2.21210000e-08  1.04912029e+00 
 2.21490000e-08  1.05007126e+00  2.21490000e-08  1.05343671e+00  2.21490000e-08  1.03823125e+00  2.21490000e-08  1.04912029e+00 
 2.22050000e-08  1.05010320e+00  2.22050000e-08  1.05343670e+00  2.22050000e-08  1.03823125e+00  2.22050000e-08  1.04912029e+00 
 2.23050000e-08  1.05009438e+00  2.23050000e-08  1.05343670e+00  2.23050000e-08  1.03823125e+00  2.23050000e-08  1.04912029e+00 
 2.24050000e-08  1.05009900e+00  2.24050000e-08  1.05343670e+00  2.24050000e-08  1.03823125e+00  2.24050000e-08  1.04912029e+00 
 2.25050000e-08  1.05009698e+00  2.25050000e-08  1.05343670e+00  2.25050000e-08  1.03823125e+00  2.25050000e-08  1.04912029e+00 
 2.26050000e-08  1.05009723e+00  2.26050000e-08  1.05343670e+00  2.26050000e-08  1.03823125e+00  2.26050000e-08  1.04912029e+00 
 2.27050000e-08  1.05009833e+00  2.27050000e-08  1.05343670e+00  2.27050000e-08  1.03823125e+00  2.27050000e-08  1.04912029e+00 
 2.28050000e-08  1.05009626e+00  2.28050000e-08  1.05343670e+00  2.28050000e-08  1.03823125e+00  2.28050000e-08  1.04912029e+00 
 2.29050000e-08  1.05009923e+00  2.29050000e-08  1.05343670e+00  2.29050000e-08  1.03823125e+00  2.29050000e-08  1.04912029e+00 
 2.30050000e-08  1.05009575e+00  2.30050000e-08  1.05343670e+00  2.30050000e-08  1.03823125e+00  2.30050000e-08  1.04912029e+00 
 2.31050000e-08  1.05009985e+00  2.31050000e-08  1.05343670e+00  2.31050000e-08  1.03823125e+00  2.31050000e-08  1.04912029e+00 
 2.32050000e-08  1.05009547e+00  2.32050000e-08  1.05343670e+00  2.32050000e-08  1.03823125e+00  2.32050000e-08  1.04912029e+00 
 2.33050000e-08  1.05010017e+00  2.33050000e-08  1.05343670e+00  2.33050000e-08  1.03823125e+00  2.33050000e-08  1.04912029e+00 
 2.34050000e-08  1.05009534e+00  2.34050000e-08  1.05343670e+00  2.34050000e-08  1.03823125e+00  2.34050000e-08  1.04912029e+00 
 2.35050000e-08  1.05010030e+00  2.35050000e-08  1.05343670e+00  2.35050000e-08  1.03823125e+00  2.35050000e-08  1.04912029e+00 
 2.36050000e-08  1.05009531e+00  2.36050000e-08  1.05343670e+00  2.36050000e-08  1.03823125e+00  2.36050000e-08  1.04912029e+00 
 2.37050000e-08  1.05010031e+00  2.37050000e-08  1.05343670e+00  2.37050000e-08  1.03823125e+00  2.37050000e-08  1.04912029e+00 
 2.38050000e-08  1.05009536e+00  2.38050000e-08  1.05343670e+00  2.38050000e-08  1.03823125e+00  2.38050000e-08  1.04912029e+00 
 2.39050000e-08  1.05010023e+00  2.39050000e-08  1.05343670e+00  2.39050000e-08  1.03823125e+00  2.39050000e-08  1.04912029e+00 
 2.40050000e-08  1.05009546e+00  2.40050000e-08  1.05343670e+00  2.40050000e-08  1.03823125e+00  2.40050000e-08  1.04912029e+00 
 2.41050000e-08  1.05010011e+00  2.41050000e-08  1.05343670e+00  2.41050000e-08  1.03823125e+00  2.41050000e-08  1.04912029e+00 
 2.42050000e-08  1.05009560e+00  2.42050000e-08  1.05343670e+00  2.42050000e-08  1.03823125e+00  2.42050000e-08  1.04912029e+00 
 2.43050000e-08  1.05009996e+00  2.43050000e-08  1.05343670e+00  2.43050000e-08  1.03823125e+00  2.43050000e-08  1.04912029e+00 
 2.44050000e-08  1.05009577e+00  2.44050000e-08  1.05343670e+00  2.44050000e-08  1.03823125e+00  2.44050000e-08  1.04912029e+00 
 2.45050000e-08  1.05009979e+00  2.45050000e-08  1.05343670e+00  2.45050000e-08  1.03823125e+00  2.45050000e-08  1.04912029e+00 
 2.46050000e-08  1.05009594e+00  2.46050000e-08  1.05343670e+00  2.46050000e-08  1.03823125e+00  2.46050000e-08  1.04912029e+00 
 2.47050000e-08  1.05009963e+00  2.47050000e-08  1.05343670e+00  2.47050000e-08  1.03823125e+00  2.47050000e-08  1.04912029e+00 
 2.48050000e-08  1.05009612e+00  2.48050000e-08  1.05343670e+00  2.48050000e-08  1.03823125e+00  2.48050000e-08  1.04912029e+00 
 2.49000000e-08  1.05009945e+00  2.49000000e-08  1.05343670e+00  2.49000000e-08  1.03823125e+00  2.49000000e-08  1.04912029e+00 
 2.49100000e-08  1.05004686e+00  2.49100000e-08  1.05343670e+00  2.49100000e-08  1.03823125e+00  2.49100000e-08  1.04912029e+00 
 2.49300000e-08  1.04994405e+00  2.49300000e-08  1.05343670e+00  2.49300000e-08  1.03823125e+00  2.49300000e-08  1.04912029e+00 
 2.49650000e-08  1.05072290e+00  2.49650000e-08  1.05343670e+00  2.49650000e-08  1.03823125e+00  2.49650000e-08  1.04912029e+00 
 2.50000000e-08  1.05107323e+00  2.50000000e-08  1.05343670e+00  2.50000000e-08  1.03823125e+00  2.50000000e-08  1.04912029e+00 
 2.50070000e-08  1.05107886e+00  2.50070000e-08  1.05343670e+00  2.50070000e-08  1.03823125e+00  2.50070000e-08  1.04912029e+00 
 2.50210000e-08  1.05082479e+00  2.50210000e-08  1.05343669e+00  2.50210000e-08  1.03823123e+00  2.50210000e-08  1.04912029e+00 
 2.50490000e-08  1.05025090e+00  2.50490000e-08  1.05343668e+00  2.50490000e-08  1.03823124e+00  2.50490000e-08  1.04912029e+00 
 2.51050000e-08  1.05009422e+00  2.51050000e-08  1.05343669e+00  2.51050000e-08  1.03823124e+00  2.51050000e-08  1.04912029e+00 
 2.52050000e-08  1.05009363e+00  2.52050000e-08  1.05343671e+00  2.52050000e-08  1.03823126e+00  2.52050000e-08  1.04912029e+00 
 2.53050000e-08  1.05010475e+00  2.53050000e-08  1.05343669e+00  2.53050000e-08  1.03823124e+00  2.53050000e-08  1.04912029e+00 
 2.54050000e-08  1.05009160e+00  2.54050000e-08  1.05343670e+00  2.54050000e-08  1.03823126e+00  2.54050000e-08  1.04912029e+00 
 2.55050000e-08  1.05010402e+00  2.55050000e-08  1.05343670e+00  2.55050000e-08  1.03823124e+00  2.55050000e-08  1.04912029e+00 
 2.56050000e-08  1.05009310e+00  2.56050000e-08  1.05343670e+00  2.56050000e-08  1.03823126e+00  2.56050000e-08  1.04912029e+00 
 2.57050000e-08  1.05010247e+00  2.57050000e-08  1.05343670e+00  2.57050000e-08  1.03823124e+00  2.57050000e-08  1.04912029e+00 
 2.58050000e-08  1.05009452e+00  2.58050000e-08  1.05343670e+00  2.58050000e-08  1.03823125e+00  2.58050000e-08  1.04912029e+00 
 2.59050000e-08  1.05010126e+00  2.59050000e-08  1.05343670e+00  2.59050000e-08  1.03823125e+00  2.59050000e-08  1.04912029e+00 
 2.60050000e-08  1.05009556e+00  2.60050000e-08  1.05343670e+00  2.60050000e-08  1.03823125e+00  2.60050000e-08  1.04912029e+00 
 2.61050000e-08  1.05010040e+00  2.61050000e-08  1.05343670e+00  2.61050000e-08  1.03823125e+00  2.61050000e-08  1.04912029e+00 
 2.62050000e-08  1.05009629e+00  2.62050000e-08  1.05343670e+00  2.62050000e-08  1.03823125e+00  2.62050000e-08  1.04912029e+00 
 2.63050000e-08  1.05009980e+00  2.63050000e-08  1.05343670e+00  2.63050000e-08  1.03823125e+00  2.63050000e-08  1.04912029e+00 
 2.64050000e-08  1.05009681e+00  2.64050000e-08  1.05343670e+00  2.64050000e-08  1.03823125e+00  2.64050000e-08  1.04912029e+00 
 2.65050000e-08  1.05009938e+00  2.65050000e-08  1.05343670e+00  2.65050000e-08  1.03823125e+00  2.65050000e-08  1.04912029e+00 
 2.66050000e-08  1.05009717e+00  2.66050000e-08  1.05343670e+00  2.66050000e-08  1.03823125e+00  2.66050000e-08  1.04912029e+00 
 2.67050000e-08  1.05009909e+00  2.67050000e-08  1.05343670e+00  2.67050000e-08  1.03823125e+00  2.67050000e-08  1.04912029e+00 
 2.68050000e-08  1.05009745e+00  2.68050000e-08  1.05343670e+00  2.68050000e-08  1.03823125e+00  2.68050000e-08  1.04912029e+00 
 2.69050000e-08  1.05009889e+00  2.69050000e-08  1.05343670e+00  2.69050000e-08  1.03823125e+00  2.69050000e-08  1.04912029e+00 
 2.70050000e-08  1.05009764e+00  2.70050000e-08  1.05343670e+00  2.70050000e-08  1.03823125e+00  2.70050000e-08  1.04912029e+00 
 2.71000000e-08  1.05009873e+00  2.71000000e-08  1.05343670e+00  2.71000000e-08  1.03823125e+00  2.71000000e-08  1.04912029e+00 
 2.71100000e-08  1.05009961e+00  2.71100000e-08  1.05343670e+00  2.71100000e-08  1.03823125e+00  2.71100000e-08  1.04912029e+00 
 2.71300000e-08  1.05009945e+00  2.71300000e-08  1.05343670e+00  2.71300000e-08  1.03823125e+00  2.71300000e-08  1.04912029e+00 
 2.71650000e-08  1.05001435e+00  2.71650000e-08  1.05343670e+00  2.71650000e-08  1.03823125e+00  2.71650000e-08  1.04912029e+00 
 2.72000000e-08  1.04983300e+00  2.72000000e-08  1.05343670e+00  2.72000000e-08  1.03823125e+00  2.72000000e-08  1.04912029e+00 
 2.72070000e-08  1.04980443e+00  2.72070000e-08  1.05343670e+00  2.72070000e-08  1.03823125e+00  2.72070000e-08  1.04912029e+00 
 2.72210000e-08  1.04975877e+00  2.72210000e-08  1.05343670e+00  2.72210000e-08  1.03823125e+00  2.72210000e-08  1.04912029e+00 
 2.72490000e-08  1.04968123e+00  2.72490000e-08  1.05343670e+00  2.72490000e-08  1.03823125e+00  2.72490000e-08  1.04912029e+00 
 2.73050000e-08  1.04957993e+00  2.73050000e-08  1.05343670e+00  2.73050000e-08  1.03823126e+00  2.73050000e-08  1.04912029e+00 
 2.74050000e-08  1.04952417e+00  2.74050000e-08  1.05343671e+00  2.74050000e-08  1.03823126e+00  2.74050000e-08  1.04912029e+00 
 2.75050000e-08  1.04948883e+00  2.75050000e-08  1.05343671e+00  2.75050000e-08  1.03823126e+00  2.75050000e-08  1.04912029e+00 
 2.76050000e-08  1.04947138e+00  2.76050000e-08  1.05343671e+00  2.76050000e-08  1.03823126e+00  2.76050000e-08  1.04912029e+00 
 2.77050000e-08  1.04945191e+00  2.77050000e-08  1.05343671e+00  2.77050000e-08  1.03823126e+00  2.77050000e-08  1.04912029e+00 
 2.78050000e-08  1.04944184e+00  2.78050000e-08  1.05343671e+00  2.78050000e-08  1.03823126e+00  2.78050000e-08  1.04912029e+00 
 2.79050000e-08  1.04942858e+00  2.79050000e-08  1.05343671e+00  2.79050000e-08  1.03823126e+00  2.79050000e-08  1.04912029e+00 
 2.80050000e-08  1.04942139e+00  2.80050000e-08  1.05343671e+00  2.80050000e-08  1.03823126e+00  2.80050000e-08  1.04912029e+00 
 2.81050000e-08  1.04941149e+00  2.81050000e-08  1.05343671e+00  2.81050000e-08  1.03823126e+00  2.81050000e-08  1.04912029e+00 
 2.82050000e-08  1.04940579e+00  2.82050000e-08  1.05343671e+00  2.82050000e-08  1.03823126e+00  2.82050000e-08  1.04912029e+00 
 2.83050000e-08  1.04939804e+00  2.83050000e-08  1.05343671e+00  2.83050000e-08  1.03823126e+00  2.83050000e-08  1.04912029e+00 
 2.84050000e-08  1.04939322e+00  2.84050000e-08  1.05343671e+00  2.84050000e-08  1.03823126e+00  2.84050000e-08  1.04912029e+00 
 2.85050000e-08  1.04938696e+00  2.85050000e-08  1.05343671e+00  2.85050000e-08  1.03823126e+00  2.85050000e-08  1.04912029e+00 
 2.86050000e-08  1.04938271e+00  2.86050000e-08  1.05343671e+00  2.86050000e-08  1.03823126e+00  2.86050000e-08  1.04912029e+00 
 2.87050000e-08  1.04937754e+00  2.87050000e-08  1.05343671e+00  2.87050000e-08  1.03823126e+00  2.87050000e-08  1.04912029e+00 
 2.88050000e-08  1.04937370e+00  2.88050000e-08  1.05343671e+00  2.88050000e-08  1.03823126e+00  2.88050000e-08  1.04912029e+00 
 2.89050000e-08  1.04936936e+00  2.89050000e-08  1.05343671e+00  2.89050000e-08  1.03823126e+00  2.89050000e-08  1.04912029e+00 
 2.90050000e-08  1.04936582e+00  2.90050000e-08  1.05343671e+00  2.90050000e-08  1.03823126e+00  2.90050000e-08  1.04912029e+00 
 2.91050000e-08  1.04936214e+00  2.91050000e-08  1.05343671e+00  2.91050000e-08  1.03823126e+00  2.91050000e-08  1.04912029e+00 
 2.92050000e-08  1.04935884e+00  2.92050000e-08  1.05343671e+00  2.92050000e-08  1.03823126e+00  2.92050000e-08  1.04912029e+00 
 2.93050000e-08  1.04935566e+00  2.93050000e-08  1.05343671e+00  2.93050000e-08  1.03823126e+00  2.93050000e-08  1.04912029e+00 
 2.94050000e-08  1.04935257e+00  2.94050000e-08  1.05343671e+00  2.94050000e-08  1.03823126e+00  2.94050000e-08  1.04912029e+00 
 2.95050000e-08  1.04934980e+00  2.95050000e-08  1.05343671e+00  2.95050000e-08  1.03823126e+00  2.95050000e-08  1.04912029e+00 
 2.96050000e-08  1.04934689e+00  2.96050000e-08  1.05343671e+00  2.96050000e-08  1.03823126e+00  2.96050000e-08  1.04912029e+00 
 2.97050000e-08  1.04934445e+00  2.97050000e-08  1.05343671e+00  2.97050000e-08  1.03823126e+00  2.97050000e-08  1.04912029e+00 
 2.98050000e-08  1.04934170e+00  2.98050000e-08  1.05343671e+00  2.98050000e-08  1.03823126e+00  2.98050000e-08  1.04912029e+00 
 2.99050000e-08  1.04933953e+00  2.99050000e-08  1.05343671e+00  2.99050000e-08  1.03823126e+00  2.99050000e-08  1.04912029e+00 
 3.00050000e-08  1.04933693e+00  3.00050000e-08  1.05343671e+00  3.00050000e-08  1.03823126e+00  3.00050000e-08  1.04912029e+00 
 3.01050000e-08  1.04933497e+00  3.01050000e-08  1.05343671e+00  3.01050000e-08  1.03823126e+00  3.01050000e-08  1.04912029e+00 
 3.02050000e-08  1.04933251e+00  3.02050000e-08  1.05343671e+00  3.02050000e-08  1.03823126e+00  3.02050000e-08  1.04912029e+00 
 3.03050000e-08  1.04933073e+00  3.03050000e-08  1.05343671e+00  3.03050000e-08  1.03823126e+00  3.03050000e-08  1.04912029e+00 
 3.04050000e-08  1.04932839e+00  3.04050000e-08  1.05343671e+00  3.04050000e-08  1.03823126e+00  3.04050000e-08  1.04912029e+00 
 3.05050000e-08  1.04932677e+00  3.05050000e-08  1.05343671e+00  3.05050000e-08  1.03823126e+00  3.05050000e-08  1.04912029e+00 
 3.06050000e-08  1.04932454e+00  3.06050000e-08  1.05343671e+00  3.06050000e-08  1.03823126e+00  3.06050000e-08  1.04912029e+00 
 3.07050000e-08  1.04932305e+00  3.07050000e-08  1.05343671e+00  3.07050000e-08  1.03823126e+00  3.07050000e-08  1.04912029e+00 
 3.08050000e-08  1.04932093e+00  3.08050000e-08  1.05343671e+00  3.08050000e-08  1.03823126e+00  3.08050000e-08  1.04912029e+00 
 3.09050000e-08  1.04931955e+00  3.09050000e-08  1.05343671e+00  3.09050000e-08  1.03823126e+00  3.09050000e-08  1.04912029e+00 
 3.10050000e-08  1.04931753e+00  3.10050000e-08  1.05343671e+00  3.10050000e-08  1.03823126e+00  3.10050000e-08  1.04912029e+00 
 3.11050000e-08  1.04931624e+00  3.11050000e-08  1.05343671e+00  3.11050000e-08  1.03823126e+00  3.11050000e-08  1.04912029e+00 
 3.12050000e-08  1.04931432e+00  3.12050000e-08  1.05343671e+00  3.12050000e-08  1.03823126e+00  3.12050000e-08  1.04912029e+00 
 3.13050000e-08  1.04931310e+00  3.13050000e-08  1.05343671e+00  3.13050000e-08  1.03823126e+00  3.13050000e-08  1.04912029e+00 
 3.14050000e-08  1.04931127e+00  3.14050000e-08  1.05343671e+00  3.14050000e-08  1.03823126e+00  3.14050000e-08  1.04912029e+00 
 3.15050000e-08  1.04931012e+00  3.15050000e-08  1.05343671e+00  3.15050000e-08  1.03823126e+00  3.15050000e-08  1.04912029e+00 
 3.16050000e-08  1.04930838e+00  3.16050000e-08  1.05343671e+00  3.16050000e-08  1.03823126e+00  3.16050000e-08  1.04912029e+00 
 3.17050000e-08  1.04930728e+00  3.17050000e-08  1.05343671e+00  3.17050000e-08  1.03823126e+00  3.17050000e-08  1.04912029e+00 
 3.18050000e-08  1.04930562e+00  3.18050000e-08  1.05343671e+00  3.18050000e-08  1.03823126e+00  3.18050000e-08  1.04912029e+00 
 3.19050000e-08  1.04930458e+00  3.19050000e-08  1.05343671e+00  3.19050000e-08  1.03823126e+00  3.19050000e-08  1.04912029e+00 
 3.20000000e-08  1.04930306e+00  3.20000000e-08  1.05343671e+00  3.20000000e-08  1.03823126e+00  3.20000000e-08  1.04912029e+00 
 3.20100000e-08  1.04929869e+00  3.20100000e-08  1.05343671e+00  3.20100000e-08  1.03823126e+00  3.20100000e-08  1.04912029e+00 
 3.20300000e-08  1.04927185e+00  3.20300000e-08  1.05343671e+00  3.20300000e-08  1.03823126e+00  3.20300000e-08  1.04912029e+00 
 3.20650000e-08  1.04931820e+00  3.20650000e-08  1.05343671e+00  3.20650000e-08  1.03823126e+00  3.20650000e-08  1.04912029e+00 
 3.21000000e-08  1.04974901e+00  3.21000000e-08  1.05343671e+00  3.21000000e-08  1.03823126e+00  3.21000000e-08  1.04912029e+00 
 3.21070000e-08  1.04986567e+00  3.21070000e-08  1.05343671e+00  3.21070000e-08  1.03823126e+00  3.21070000e-08  1.04912029e+00 
 3.21210000e-08  1.05001823e+00  3.21210000e-08  1.05343671e+00  3.21210000e-08  1.03823126e+00  3.21210000e-08  1.04912029e+00 
 3.21490000e-08  1.05007126e+00  3.21490000e-08  1.05343671e+00  3.21490000e-08  1.03823125e+00  3.21490000e-08  1.04912029e+00 
 3.22050000e-08  1.05010408e+00  3.22050000e-08  1.05343670e+00  3.22050000e-08  1.03823125e+00  3.22050000e-08  1.04912029e+00 
 3.23050000e-08  1.05009528e+00  3.23050000e-08  1.05343670e+00  3.23050000e-08  1.03823125e+00  3.23050000e-08  1.04912029e+00 
 3.24050000e-08  1.05009987e+00  3.24050000e-08  1.05343670e+00  3.24050000e-08  1.03823125e+00  3.24050000e-08  1.04912029e+00 
 3.25050000e-08  1.05009783e+00  3.25050000e-08  1.05343670e+00  3.25050000e-08  1.03823125e+00  3.25050000e-08  1.04912029e+00 
 3.26050000e-08  1.05009808e+00  3.26050000e-08  1.05343670e+00  3.26050000e-08  1.03823125e+00  3.26050000e-08  1.04912029e+00 
 3.27050000e-08  1.05009914e+00  3.27050000e-08  1.05343670e+00  3.27050000e-08  1.03823125e+00  3.27050000e-08  1.04912029e+00 
 3.28050000e-08  1.05009708e+00  3.28050000e-08  1.05343670e+00  3.28050000e-08  1.03823125e+00  3.28050000e-08  1.04912029e+00 
 3.29050000e-08  1.05010000e+00  3.29050000e-08  1.05343670e+00  3.29050000e-08  1.03823125e+00  3.29050000e-08  1.04912029e+00 
 3.30050000e-08  1.05009654e+00  3.30050000e-08  1.05343670e+00  3.30050000e-08  1.03823125e+00  3.30050000e-08  1.04912029e+00 
 3.31050000e-08  1.05010060e+00  3.31050000e-08  1.05343670e+00  3.31050000e-08  1.03823125e+00  3.31050000e-08  1.04912029e+00 
 3.32050000e-08  1.05009623e+00  3.32050000e-08  1.05343670e+00  3.32050000e-08  1.03823125e+00  3.32050000e-08  1.04912029e+00 
 3.33050000e-08  1.05010089e+00  3.33050000e-08  1.05343670e+00  3.33050000e-08  1.03823125e+00  3.33050000e-08  1.04912029e+00 
 3.34050000e-08  1.05009607e+00  3.34050000e-08  1.05343670e+00  3.34050000e-08  1.03823125e+00  3.34050000e-08  1.04912029e+00 
 3.35050000e-08  1.05010100e+00  3.35050000e-08  1.05343670e+00  3.35050000e-08  1.03823125e+00  3.35050000e-08  1.04912029e+00 
 3.36050000e-08  1.05009602e+00  3.36050000e-08  1.05343670e+00  3.36050000e-08  1.03823125e+00  3.36050000e-08  1.04912029e+00 
 3.37050000e-08  1.05010098e+00  3.37050000e-08  1.05343670e+00  3.37050000e-08  1.03823125e+00  3.37050000e-08  1.04912029e+00 
 3.38050000e-08  1.05009605e+00  3.38050000e-08  1.05343670e+00  3.38050000e-08  1.03823125e+00  3.38050000e-08  1.04912029e+00 
 3.39050000e-08  1.05010089e+00  3.39050000e-08  1.05343670e+00  3.39050000e-08  1.03823125e+00  3.39050000e-08  1.04912029e+00 
 3.40050000e-08  1.05009613e+00  3.40050000e-08  1.05343670e+00  3.40050000e-08  1.03823125e+00  3.40050000e-08  1.04912029e+00 
 3.41050000e-08  1.05010074e+00  3.41050000e-08  1.05343670e+00  3.41050000e-08  1.03823125e+00  3.41050000e-08  1.04912029e+00 
 3.42050000e-08  1.05009625e+00  3.42050000e-08  1.05343670e+00  3.42050000e-08  1.03823125e+00  3.42050000e-08  1.04912029e+00 
 3.43050000e-08  1.05010057e+00  3.43050000e-08  1.05343670e+00  3.43050000e-08  1.03823125e+00  3.43050000e-08  1.04912029e+00 
 3.44050000e-08  1.05009639e+00  3.44050000e-08  1.05343670e+00  3.44050000e-08  1.03823125e+00  3.44050000e-08  1.04912029e+00 
 3.45050000e-08  1.05010039e+00  3.45050000e-08  1.05343670e+00  3.45050000e-08  1.03823125e+00  3.45050000e-08  1.04912029e+00 
 3.46050000e-08  1.05009655e+00  3.46050000e-08  1.05343670e+00  3.46050000e-08  1.03823125e+00  3.46050000e-08  1.04912029e+00 
 3.47050000e-08  1.05010020e+00  3.47050000e-08  1.05343670e+00  3.47050000e-08  1.03823125e+00  3.47050000e-08  1.04912029e+00 
 3.48050000e-08  1.05009670e+00  3.48050000e-08  1.05343670e+00  3.48050000e-08  1.03823125e+00  3.48050000e-08  1.04912029e+00 
 3.49000000e-08  1.05010002e+00  3.49000000e-08  1.05343670e+00  3.49000000e-08  1.03823125e+00  3.49000000e-08  1.04912029e+00 
 3.49100000e-08  1.05032491e+00  3.49100000e-08  1.05343670e+00  3.49100000e-08  1.03823125e+00  3.49100000e-08  1.04912029e+00 
 3.49300000e-08  1.05042053e+00  3.49300000e-08  1.05343670e+00  3.49300000e-08  1.03823125e+00  3.49300000e-08  1.04912029e+00 
 3.49650000e-08  1.05016344e+00  3.49650000e-08  1.05343670e+00  3.49650000e-08  1.03823125e+00  3.49650000e-08  1.04912029e+00 
 3.50000000e-08  1.04951899e+00  3.50000000e-08  1.05343669e+00  3.50000000e-08  1.03823124e+00  3.50000000e-08  1.04912029e+00 
 3.50070000e-08  1.04949501e+00  3.50070000e-08  1.05343669e+00  3.50070000e-08  1.03823125e+00  3.50070000e-08  1.04912029e+00 
 3.50210000e-08  1.04952455e+00  3.50210000e-08  1.05343670e+00  3.50210000e-08  1.03823125e+00  3.50210000e-08  1.04912029e+00 
 3.50490000e-08  1.04972424e+00  3.50490000e-08  1.05343670e+00  3.50490000e-08  1.03823126e+00  3.50490000e-08  1.04912029e+00 
 3.51050000e-08  1.04997344e+00  3.51050000e-08  1.05343671e+00  3.51050000e-08  1.03823125e+00  3.51050000e-08  1.04912029e+00 
 3.52050000e-08  1.05005507e+00  3.52050000e-08  1.05343670e+00  3.52050000e-08  1.03823125e+00  3.52050000e-08  1.04912029e+00 
 3.53050000e-08  1.05006620e+00  3.53050000e-08  1.05343670e+00  3.53050000e-08  1.03823125e+00  3.53050000e-08  1.04912029e+00 
 3.54050000e-08  1.05007896e+00  3.54050000e-08  1.05343670e+00  3.54050000e-08  1.03823125e+00  3.54050000e-08  1.04912029e+00 
 3.55050000e-08  1.05008131e+00  3.55050000e-08  1.05343670e+00  3.55050000e-08  1.03823125e+00  3.55050000e-08  1.04912029e+00 
 3.56050000e-08  1.05008645e+00  3.56050000e-08  1.05343670e+00  3.56050000e-08  1.03823125e+00  3.56050000e-08  1.04912029e+00 
 3.57050000e-08  1.05008701e+00  3.57050000e-08  1.05343670e+00  3.57050000e-08  1.03823125e+00  3.57050000e-08  1.04912029e+00 
 3.58050000e-08  1.05009008e+00  3.58050000e-08  1.05343670e+00  3.58050000e-08  1.03823125e+00  3.58050000e-08  1.04912029e+00 
 3.59050000e-08  1.05008994e+00  3.59050000e-08  1.05343670e+00  3.59050000e-08  1.03823125e+00  3.59050000e-08  1.04912029e+00 
 3.60050000e-08  1.05009217e+00  3.60050000e-08  1.05343670e+00  3.60050000e-08  1.03823125e+00  3.60050000e-08  1.04912029e+00 
 3.61050000e-08  1.05009172e+00  3.61050000e-08  1.05343670e+00  3.61050000e-08  1.03823125e+00  3.61050000e-08  1.04912029e+00 
 3.62050000e-08  1.05009349e+00  3.62050000e-08  1.05343670e+00  3.62050000e-08  1.03823125e+00  3.62050000e-08  1.04912029e+00 
 3.63050000e-08  1.05009292e+00  3.63050000e-08  1.05343670e+00  3.63050000e-08  1.03823125e+00  3.63050000e-08  1.04912029e+00 
 3.64050000e-08  1.05009440e+00  3.64050000e-08  1.05343670e+00  3.64050000e-08  1.03823125e+00  3.64050000e-08  1.04912029e+00 
 3.65050000e-08  1.05009378e+00  3.65050000e-08  1.05343670e+00  3.65050000e-08  1.03823125e+00  3.65050000e-08  1.04912029e+00 
 3.66050000e-08  1.05009505e+00  3.66050000e-08  1.05343670e+00  3.66050000e-08  1.03823125e+00  3.66050000e-08  1.04912029e+00 
 3.67050000e-08  1.05009442e+00  3.67050000e-08  1.05343670e+00  3.67050000e-08  1.03823125e+00  3.67050000e-08  1.04912029e+00 
 3.68050000e-08  1.05009553e+00  3.68050000e-08  1.05343670e+00  3.68050000e-08  1.03823125e+00  3.68050000e-08  1.04912029e+00 
 3.69050000e-08  1.05009492e+00  3.69050000e-08  1.05343670e+00  3.69050000e-08  1.03823125e+00  3.69050000e-08  1.04912029e+00 
 3.70050000e-08  1.05009591e+00  3.70050000e-08  1.05343670e+00  3.70050000e-08  1.03823125e+00  3.70050000e-08  1.04912029e+00 
 3.71000000e-08  1.05009531e+00  3.71000000e-08  1.05343670e+00  3.71000000e-08  1.03823125e+00  3.71000000e-08  1.04912029e+00 
 3.71100000e-08  1.05009694e+00  3.71100000e-08  1.05343670e+00  3.71100000e-08  1.03823125e+00  3.71100000e-08  1.04912029e+00 
 3.71300000e-08  1.05009704e+00  3.71300000e-08  1.05343670e+00  3.71300000e-08  1.03823125e+00  3.71300000e-08  1.04912029e+00 
 3.71650000e-08  1.05001154e+00  3.71650000e-08  1.05343670e+00  3.71650000e-08  1.03823125e+00  3.71650000e-08  1.04912029e+00 
 3.72000000e-08  1.04983053e+00  3.72000000e-08  1.05343670e+00  3.72000000e-08  1.03823125e+00  3.72000000e-08  1.04912029e+00 
 3.72070000e-08  1.04980226e+00  3.72070000e-08  1.05343670e+00  3.72070000e-08  1.03823125e+00  3.72070000e-08  1.04912029e+00 
 3.72210000e-08  1.04975723e+00  3.72210000e-08  1.05343670e+00  3.72210000e-08  1.03823125e+00  3.72210000e-08  1.04912029e+00 
 3.72490000e-08  1.04967968e+00  3.72490000e-08  1.05343670e+00  3.72490000e-08  1.03823125e+00  3.72490000e-08  1.04912029e+00 
 3.73050000e-08  1.04957762e+00  3.73050000e-08  1.05343670e+00  3.73050000e-08  1.03823126e+00  3.73050000e-08  1.04912029e+00 
 3.74050000e-08  1.04952228e+00  3.74050000e-08  1.05343671e+00  3.74050000e-08  1.03823126e+00  3.74050000e-08  1.04912029e+00 
 3.75050000e-08  1.04948678e+00  3.75050000e-08  1.05343671e+00  3.75050000e-08  1.03823126e+00  3.75050000e-08  1.04912029e+00 
 3.76050000e-08  1.04946962e+00  3.76050000e-08  1.05343671e+00  3.76050000e-08  1.03823126e+00  3.76050000e-08  1.04912029e+00 
 3.77050000e-08  1.04945008e+00  3.77050000e-08  1.05343671e+00  3.77050000e-08  1.03823126e+00  3.77050000e-08  1.04912029e+00 
 3.78050000e-08  1.04944023e+00  3.78050000e-08  1.05343671e+00  3.78050000e-08  1.03823126e+00  3.78050000e-08  1.04912029e+00 
 3.79050000e-08  1.04942693e+00  3.79050000e-08  1.05343671e+00  3.79050000e-08  1.03823126e+00  3.79050000e-08  1.04912029e+00 
 3.80050000e-08  1.04941991e+00  3.80050000e-08  1.05343671e+00  3.80050000e-08  1.03823126e+00  3.80050000e-08  1.04912029e+00 
 3.81050000e-08  1.04941000e+00  3.81050000e-08  1.05343671e+00  3.81050000e-08  1.03823126e+00  3.81050000e-08  1.04912029e+00 
 3.82050000e-08  1.04940443e+00  3.82050000e-08  1.05343671e+00  3.82050000e-08  1.03823126e+00  3.82050000e-08  1.04912029e+00 
 3.83050000e-08  1.04939667e+00  3.83050000e-08  1.05343671e+00  3.83050000e-08  1.03823126e+00  3.83050000e-08  1.04912029e+00 
 3.84050000e-08  1.04939195e+00  3.84050000e-08  1.05343671e+00  3.84050000e-08  1.03823126e+00  3.84050000e-08  1.04912029e+00 
 3.85050000e-08  1.04938570e+00  3.85050000e-08  1.05343671e+00  3.85050000e-08  1.03823126e+00  3.85050000e-08  1.04912029e+00 
 3.86050000e-08  1.04938153e+00  3.86050000e-08  1.05343671e+00  3.86050000e-08  1.03823126e+00  3.86050000e-08  1.04912029e+00 
 3.87050000e-08  1.04937639e+00  3.87050000e-08  1.05343671e+00  3.87050000e-08  1.03823126e+00  3.87050000e-08  1.04912029e+00 
 3.88050000e-08  1.04937260e+00  3.88050000e-08  1.05343671e+00  3.88050000e-08  1.03823126e+00  3.88050000e-08  1.04912029e+00 
 3.89050000e-08  1.04936829e+00  3.89050000e-08  1.05343671e+00  3.89050000e-08  1.03823126e+00  3.89050000e-08  1.04912029e+00 
 3.90050000e-08  1.04936480e+00  3.90050000e-08  1.05343671e+00  3.90050000e-08  1.03823126e+00  3.90050000e-08  1.04912029e+00 
 3.91050000e-08  1.04936114e+00  3.91050000e-08  1.05343671e+00  3.91050000e-08  1.03823126e+00  3.91050000e-08  1.04912029e+00 
 3.92050000e-08  1.04935788e+00  3.92050000e-08  1.05343671e+00  3.92050000e-08  1.03823126e+00  3.92050000e-08  1.04912029e+00 
 3.93050000e-08  1.04935473e+00  3.93050000e-08  1.05343671e+00  3.93050000e-08  1.03823126e+00  3.93050000e-08  1.04912029e+00 
 3.94050000e-08  1.04935167e+00  3.94050000e-08  1.05343671e+00  3.94050000e-08  1.03823126e+00  3.94050000e-08  1.04912029e+00 
 3.95050000e-08  1.04934893e+00  3.95050000e-08  1.05343671e+00  3.95050000e-08  1.03823126e+00  3.95050000e-08  1.04912029e+00 
 3.96050000e-08  1.04934604e+00  3.96050000e-08  1.05343671e+00  3.96050000e-08  1.03823126e+00  3.96050000e-08  1.04912029e+00 
 3.97050000e-08  1.04934363e+00  3.97050000e-08  1.05343671e+00  3.97050000e-08  1.03823126e+00  3.97050000e-08  1.04912029e+00 
 3.98050000e-08  1.04934090e+00  3.98050000e-08  1.05343671e+00  3.98050000e-08  1.03823126e+00  3.98050000e-08  1.04912029e+00 
 3.99050000e-08  1.04933876e+00  3.99050000e-08  1.05343671e+00  3.99050000e-08  1.03823126e+00  3.99050000e-08  1.04912029e+00 
 4.00050000e-08  1.04933617e+00  4.00050000e-08  1.05343671e+00  4.00050000e-08  1.03823126e+00  4.00050000e-08  1.04912029e+00 
 4.01050000e-08  1.04933424e+00  4.01050000e-08  1.05343671e+00  4.01050000e-08  1.03823126e+00  4.01050000e-08  1.04912029e+00 
 4.02050000e-08  1.04933178e+00  4.02050000e-08  1.05343671e+00  4.02050000e-08  1.03823126e+00  4.02050000e-08  1.04912029e+00 
 4.03050000e-08  1.04933004e+00  4.03050000e-08  1.05343671e+00  4.03050000e-08  1.03823126e+00  4.03050000e-08  1.04912029e+00 
 4.04050000e-08  1.04932771e+00  4.04050000e-08  1.05343671e+00  4.04050000e-08  1.03823126e+00  4.04050000e-08  1.04912029e+00 
 4.05050000e-08  1.04932612e+00  4.05050000e-08  1.05343671e+00  4.05050000e-08  1.03823126e+00  4.05050000e-08  1.04912029e+00 
 4.06050000e-08  1.04932389e+00  4.06050000e-08  1.05343671e+00  4.06050000e-08  1.03823126e+00  4.06050000e-08  1.04912029e+00 
 4.07050000e-08  1.04932243e+00  4.07050000e-08  1.05343671e+00  4.07050000e-08  1.03823126e+00  4.07050000e-08  1.04912029e+00 
 4.08050000e-08  1.04932031e+00  4.08050000e-08  1.05343671e+00  4.08050000e-08  1.03823126e+00  4.08050000e-08  1.04912029e+00 
 4.09050000e-08  1.04931895e+00  4.09050000e-08  1.05343671e+00  4.09050000e-08  1.03823126e+00  4.09050000e-08  1.04912029e+00 
 4.10050000e-08  1.04931694e+00  4.10050000e-08  1.05343671e+00  4.10050000e-08  1.03823126e+00  4.10050000e-08  1.04912029e+00 
 4.11050000e-08  1.04931567e+00  4.11050000e-08  1.05343671e+00  4.11050000e-08  1.03823126e+00  4.11050000e-08  1.04912029e+00 
 4.12050000e-08  1.04931375e+00  4.12050000e-08  1.05343671e+00  4.12050000e-08  1.03823126e+00  4.12050000e-08  1.04912029e+00 
 4.13050000e-08  1.04931256e+00  4.13050000e-08  1.05343671e+00  4.13050000e-08  1.03823126e+00  4.13050000e-08  1.04912029e+00 
 4.14050000e-08  1.04931073e+00  4.14050000e-08  1.05343671e+00  4.14050000e-08  1.03823126e+00  4.14050000e-08  1.04912029e+00 
 4.15050000e-08  1.04930960e+00  4.15050000e-08  1.05343671e+00  4.15050000e-08  1.03823126e+00  4.15050000e-08  1.04912029e+00 
 4.16050000e-08  1.04930786e+00  4.16050000e-08  1.05343671e+00  4.16050000e-08  1.03823126e+00  4.16050000e-08  1.04912029e+00 
 4.17050000e-08  1.04930679e+00  4.17050000e-08  1.05343671e+00  4.17050000e-08  1.03823126e+00  4.17050000e-08  1.04912029e+00 
 4.18050000e-08  1.04930512e+00  4.18050000e-08  1.05343671e+00  4.18050000e-08  1.03823126e+00  4.18050000e-08  1.04912029e+00 
 4.19050000e-08  1.04930410e+00  4.19050000e-08  1.05343671e+00  4.19050000e-08  1.03823126e+00  4.19050000e-08  1.04912029e+00 
 4.20000000e-08  1.04930258e+00  4.20000000e-08  1.05343671e+00  4.20000000e-08  1.03823126e+00  4.20000000e-08  1.04912029e+00 
 4.20100000e-08  1.04929819e+00  4.20100000e-08  1.05343671e+00  4.20100000e-08  1.03823126e+00  4.20100000e-08  1.04912029e+00 
 4.20300000e-08  1.04927125e+00  4.20300000e-08  1.05343671e+00  4.20300000e-08  1.03823126e+00  4.20300000e-08  1.04912029e+00 
 4.20650000e-08  1.04931788e+00  4.20650000e-08  1.05343671e+00  4.20650000e-08  1.03823126e+00  4.20650000e-08  1.04912029e+00 
 4.21000000e-08  1.04975033e+00  4.21000000e-08  1.05343671e+00  4.21000000e-08  1.03823126e+00  4.21000000e-08  1.04912029e+00 
 4.21070000e-08  1.04986727e+00  4.21070000e-08  1.05343671e+00  4.21070000e-08  1.03823126e+00  4.21070000e-08  1.04912029e+00 
 4.21210000e-08  1.05001987e+00  4.21210000e-08  1.05343671e+00  4.21210000e-08  1.03823126e+00  4.21210000e-08  1.04912029e+00 
 4.21490000e-08  1.05007174e+00  4.21490000e-08  1.05343671e+00  4.21490000e-08  1.03823125e+00  4.21490000e-08  1.04912029e+00 
 4.22050000e-08  1.05010364e+00  4.22050000e-08  1.05343670e+00  4.22050000e-08  1.03823125e+00  4.22050000e-08  1.04912029e+00 
 4.23050000e-08  1.05009481e+00  4.23050000e-08  1.05343670e+00  4.23050000e-08  1.03823125e+00  4.23050000e-08  1.04912029e+00 
 4.24050000e-08  1.05009943e+00  4.24050000e-08  1.05343670e+00  4.24050000e-08  1.03823125e+00  4.24050000e-08  1.04912029e+00 
 4.25050000e-08  1.05009740e+00  4.25050000e-08  1.05343670e+00  4.25050000e-08  1.03823125e+00  4.25050000e-08  1.04912029e+00 
 4.26050000e-08  1.05009764e+00  4.26050000e-08  1.05343670e+00  4.26050000e-08  1.03823125e+00  4.26050000e-08  1.04912029e+00 
 4.27050000e-08  1.05009873e+00  4.27050000e-08  1.05343670e+00  4.27050000e-08  1.03823125e+00  4.27050000e-08  1.04912029e+00 
 4.28050000e-08  1.05009666e+00  4.28050000e-08  1.05343670e+00  4.28050000e-08  1.03823125e+00  4.28050000e-08  1.04912029e+00 
 4.29050000e-08  1.05009961e+00  4.29050000e-08  1.05343670e+00  4.29050000e-08  1.03823125e+00  4.29050000e-08  1.04912029e+00 
 4.30050000e-08  1.05009613e+00  4.30050000e-08  1.05343670e+00  4.30050000e-08  1.03823125e+00  4.30050000e-08  1.04912029e+00 
 4.31050000e-08  1.05010022e+00  4.31050000e-08  1.05343670e+00  4.31050000e-08  1.03823125e+00  4.31050000e-08  1.04912029e+00 
 4.32050000e-08  1.05009583e+00  4.32050000e-08  1.05343670e+00  4.32050000e-08  1.03823125e+00  4.32050000e-08  1.04912029e+00 
 4.33050000e-08  1.05010053e+00  4.33050000e-08  1.05343670e+00  4.33050000e-08  1.03823125e+00  4.33050000e-08  1.04912029e+00 
 4.34050000e-08  1.05009569e+00  4.34050000e-08  1.05343670e+00  4.34050000e-08  1.03823125e+00  4.34050000e-08  1.04912029e+00 
 4.35050000e-08  1.05010065e+00  4.35050000e-08  1.05343670e+00  4.35050000e-08  1.03823125e+00  4.35050000e-08  1.04912029e+00 
 4.36050000e-08  1.05009565e+00  4.36050000e-08  1.05343670e+00  4.36050000e-08  1.03823125e+00  4.36050000e-08  1.04912029e+00 
 4.37050000e-08  1.05010064e+00  4.37050000e-08  1.05343670e+00  4.37050000e-08  1.03823125e+00  4.37050000e-08  1.04912029e+00 
 4.38050000e-08  1.05009569e+00  4.38050000e-08  1.05343670e+00  4.38050000e-08  1.03823125e+00  4.38050000e-08  1.04912029e+00 
 4.39050000e-08  1.05010055e+00  4.39050000e-08  1.05343670e+00  4.39050000e-08  1.03823125e+00  4.39050000e-08  1.04912029e+00 
 4.40050000e-08  1.05009578e+00  4.40050000e-08  1.05343670e+00  4.40050000e-08  1.03823125e+00  4.40050000e-08  1.04912029e+00 
 4.41050000e-08  1.05010042e+00  4.41050000e-08  1.05343670e+00  4.41050000e-08  1.03823125e+00  4.41050000e-08  1.04912029e+00 
 4.42050000e-08  1.05009591e+00  4.42050000e-08  1.05343670e+00  4.42050000e-08  1.03823125e+00  4.42050000e-08  1.04912029e+00 
 4.43050000e-08  1.05010026e+00  4.43050000e-08  1.05343670e+00  4.43050000e-08  1.03823125e+00  4.43050000e-08  1.04912029e+00 
 4.44050000e-08  1.05009606e+00  4.44050000e-08  1.05343670e+00  4.44050000e-08  1.03823125e+00  4.44050000e-08  1.04912029e+00 
 4.45050000e-08  1.05010008e+00  4.45050000e-08  1.05343670e+00  4.45050000e-08  1.03823125e+00  4.45050000e-08  1.04912029e+00 
 4.46050000e-08  1.05009622e+00  4.46050000e-08  1.05343670e+00  4.46050000e-08  1.03823125e+00  4.46050000e-08  1.04912029e+00 
 4.47050000e-08  1.05009991e+00  4.47050000e-08  1.05343670e+00  4.47050000e-08  1.03823125e+00  4.47050000e-08  1.04912029e+00 
 4.48050000e-08  1.05009639e+00  4.48050000e-08  1.05343670e+00  4.48050000e-08  1.03823125e+00  4.48050000e-08  1.04912029e+00 
 4.49050000e-08  1.05009973e+00  4.49050000e-08  1.05343670e+00  4.49050000e-08  1.03823125e+00  4.49050000e-08  1.04912029e+00 
 4.50050000e-08  1.05009656e+00  4.50050000e-08  1.05343670e+00  4.50050000e-08  1.03823125e+00  4.50050000e-08  1.04912029e+00 
 4.51050000e-08  1.05009957e+00  4.51050000e-08  1.05343670e+00  4.51050000e-08  1.03823125e+00  4.51050000e-08  1.04912029e+00 
 4.52050000e-08  1.05009671e+00  4.52050000e-08  1.05343670e+00  4.52050000e-08  1.03823125e+00  4.52050000e-08  1.04912029e+00 
 4.53050000e-08  1.05009941e+00  4.53050000e-08  1.05343670e+00  4.53050000e-08  1.03823125e+00  4.53050000e-08  1.04912029e+00 
 4.54050000e-08  1.05009687e+00  4.54050000e-08  1.05343670e+00  4.54050000e-08  1.03823125e+00  4.54050000e-08  1.04912029e+00 
 4.55050000e-08  1.05009927e+00  4.55050000e-08  1.05343670e+00  4.55050000e-08  1.03823125e+00  4.55050000e-08  1.04912029e+00 
 4.56050000e-08  1.05009701e+00  4.56050000e-08  1.05343670e+00  4.56050000e-08  1.03823125e+00  4.56050000e-08  1.04912029e+00 
 4.57050000e-08  1.05009914e+00  4.57050000e-08  1.05343670e+00  4.57050000e-08  1.03823125e+00  4.57050000e-08  1.04912029e+00 
 4.58050000e-08  1.05009714e+00  4.58050000e-08  1.05343670e+00  4.58050000e-08  1.03823125e+00  4.58050000e-08  1.04912029e+00 
 4.59050000e-08  1.05009902e+00  4.59050000e-08  1.05343670e+00  4.59050000e-08  1.03823125e+00  4.59050000e-08  1.04912029e+00 
 4.60050000e-08  1.05009726e+00  4.60050000e-08  1.05343670e+00  4.60050000e-08  1.03823125e+00  4.60050000e-08  1.04912029e+00 
 4.61050000e-08  1.05009891e+00  4.61050000e-08  1.05343670e+00  4.61050000e-08  1.03823125e+00  4.61050000e-08  1.04912029e+00 
 4.62050000e-08  1.05009737e+00  4.62050000e-08  1.05343670e+00  4.62050000e-08  1.03823125e+00  4.62050000e-08  1.04912029e+00 
 4.63050000e-08  1.05009882e+00  4.63050000e-08  1.05343670e+00  4.63050000e-08  1.03823125e+00  4.63050000e-08  1.04912029e+00 
 4.64050000e-08  1.05009747e+00  4.64050000e-08  1.05343670e+00  4.64050000e-08  1.03823125e+00  4.64050000e-08  1.04912029e+00 
 4.65050000e-08  1.05009873e+00  4.65050000e-08  1.05343670e+00  4.65050000e-08  1.03823125e+00  4.65050000e-08  1.04912029e+00 
 4.66050000e-08  1.05009756e+00  4.66050000e-08  1.05343670e+00  4.66050000e-08  1.03823125e+00  4.66050000e-08  1.04912029e+00 
 4.67050000e-08  1.05009866e+00  4.67050000e-08  1.05343670e+00  4.67050000e-08  1.03823125e+00  4.67050000e-08  1.04912029e+00 
 4.68050000e-08  1.05009764e+00  4.68050000e-08  1.05343670e+00  4.68050000e-08  1.03823125e+00  4.68050000e-08  1.04912029e+00 
 4.69050000e-08  1.05009859e+00  4.69050000e-08  1.05343670e+00  4.69050000e-08  1.03823125e+00  4.69050000e-08  1.04912029e+00 
 4.70050000e-08  1.05009771e+00  4.70050000e-08  1.05343670e+00  4.70050000e-08  1.03823125e+00  4.70050000e-08  1.04912029e+00 
 4.71000000e-08  1.05009853e+00  4.71000000e-08  1.05343670e+00  4.71000000e-08  1.03823125e+00  4.71000000e-08  1.04912029e+00 
 4.71100000e-08  1.05009947e+00  4.71100000e-08  1.05343670e+00  4.71100000e-08  1.03823125e+00  4.71100000e-08  1.04912029e+00 
 4.71300000e-08  1.05009937e+00  4.71300000e-08  1.05343670e+00  4.71300000e-08  1.03823125e+00  4.71300000e-08  1.04912029e+00 
 4.71650000e-08  1.05001391e+00  4.71650000e-08  1.05343670e+00  4.71650000e-08  1.03823125e+00  4.71650000e-08  1.04912029e+00 
 4.72000000e-08  1.04983269e+00  4.72000000e-08  1.05343670e+00  4.72000000e-08  1.03823125e+00  4.72000000e-08  1.04912029e+00 
 4.72070000e-08  1.04980446e+00  4.72070000e-08  1.05343670e+00  4.72070000e-08  1.03823125e+00  4.72070000e-08  1.04912029e+00 
 4.72210000e-08  1.04975942e+00  4.72210000e-08  1.05343670e+00  4.72210000e-08  1.03823125e+00  4.72210000e-08  1.04912029e+00 
 4.72490000e-08  1.04968182e+00  4.72490000e-08  1.05343670e+00  4.72490000e-08  1.03823125e+00  4.72490000e-08  1.04912029e+00 
 4.73050000e-08  1.04957974e+00  4.73050000e-08  1.05343670e+00  4.73050000e-08  1.03823126e+00  4.73050000e-08  1.04912029e+00 
 4.74050000e-08  1.04952428e+00  4.74050000e-08  1.05343671e+00  4.74050000e-08  1.03823126e+00  4.74050000e-08  1.04912029e+00 
 4.75050000e-08  1.04948868e+00  4.75050000e-08  1.05343671e+00  4.75050000e-08  1.03823126e+00  4.75050000e-08  1.04912029e+00 
 4.76050000e-08  1.04947141e+00  4.76050000e-08  1.05343671e+00  4.76050000e-08  1.03823126e+00  4.76050000e-08  1.04912029e+00 
 4.77050000e-08  1.04945178e+00  4.77050000e-08  1.05343671e+00  4.77050000e-08  1.03823126e+00  4.77050000e-08  1.04912029e+00 
 4.78050000e-08  1.04944184e+00  4.78050000e-08  1.05343671e+00  4.78050000e-08  1.03823126e+00  4.78050000e-08  1.04912029e+00 
 4.79050000e-08  1.04942847e+00  4.79050000e-08  1.05343671e+00  4.79050000e-08  1.03823126e+00  4.79050000e-08  1.04912029e+00 
 4.80050000e-08  1.04942137e+00  4.80050000e-08  1.05343671e+00  4.80050000e-08  1.03823126e+00  4.80050000e-08  1.04912029e+00 
 4.81050000e-08  1.04941139e+00  4.81050000e-08  1.05343671e+00  4.81050000e-08  1.03823126e+00  4.81050000e-08  1.04912029e+00 
 4.82050000e-08  1.04940576e+00  4.82050000e-08  1.05343671e+00  4.82050000e-08  1.03823126e+00  4.82050000e-08  1.04912029e+00 
 4.83050000e-08  1.04939795e+00  4.83050000e-08  1.05343671e+00  4.83050000e-08  1.03823126e+00  4.83050000e-08  1.04912029e+00 
 4.84050000e-08  1.04939317e+00  4.84050000e-08  1.05343671e+00  4.84050000e-08  1.03823126e+00  4.84050000e-08  1.04912029e+00 
 4.85050000e-08  1.04938687e+00  4.85050000e-08  1.05343671e+00  4.85050000e-08  1.03823126e+00  4.85050000e-08  1.04912029e+00 
 4.86050000e-08  1.04938265e+00  4.86050000e-08  1.05343671e+00  4.86050000e-08  1.03823126e+00  4.86050000e-08  1.04912029e+00 
 4.87050000e-08  1.04937747e+00  4.87050000e-08  1.05343671e+00  4.87050000e-08  1.03823126e+00  4.87050000e-08  1.04912029e+00 
 4.88050000e-08  1.04937364e+00  4.88050000e-08  1.05343671e+00  4.88050000e-08  1.03823126e+00  4.88050000e-08  1.04912029e+00 
 4.89050000e-08  1.04936929e+00  4.89050000e-08  1.05343671e+00  4.89050000e-08  1.03823126e+00  4.89050000e-08  1.04912029e+00 
 4.90050000e-08  1.04936576e+00  4.90050000e-08  1.05343671e+00  4.90050000e-08  1.03823126e+00  4.90050000e-08  1.04912029e+00 
 4.91050000e-08  1.04936207e+00  4.91050000e-08  1.05343671e+00  4.91050000e-08  1.03823126e+00  4.91050000e-08  1.04912029e+00 
 4.92050000e-08  1.04935877e+00  4.92050000e-08  1.05343671e+00  4.92050000e-08  1.03823126e+00  4.92050000e-08  1.04912029e+00 
 4.93050000e-08  1.04935560e+00  4.93050000e-08  1.05343671e+00  4.93050000e-08  1.03823126e+00  4.93050000e-08  1.04912029e+00 
 4.94050000e-08  1.04935250e+00  4.94050000e-08  1.05343671e+00  4.94050000e-08  1.03823126e+00  4.94050000e-08  1.04912029e+00 
 4.95050000e-08  1.04934974e+00  4.95050000e-08  1.05343671e+00  4.95050000e-08  1.03823126e+00  4.95050000e-08  1.04912029e+00 
 4.96050000e-08  1.04934682e+00  4.96050000e-08  1.05343671e+00  4.96050000e-08  1.03823126e+00  4.96050000e-08  1.04912029e+00 
 4.97050000e-08  1.04934439e+00  4.97050000e-08  1.05343671e+00  4.97050000e-08  1.03823126e+00  4.97050000e-08  1.04912029e+00 
 4.98050000e-08  1.04934163e+00  4.98050000e-08  1.05343671e+00  4.98050000e-08  1.03823126e+00  4.98050000e-08  1.04912029e+00 
 4.99050000e-08  1.04933947e+00  4.99050000e-08  1.05343671e+00  4.99050000e-08  1.03823126e+00  4.99050000e-08  1.04912029e+00 
 5.00050000e-08  1.04933685e+00  5.00050000e-08  1.05343671e+00  5.00050000e-08  1.03823126e+00  5.00050000e-08  1.04912029e+00 
 5.01050000e-08  1.04933491e+00  5.01050000e-08  1.05343671e+00  5.01050000e-08  1.03823126e+00  5.01050000e-08  1.04912029e+00 
 5.02050000e-08  1.04933243e+00  5.02050000e-08  1.05343671e+00  5.02050000e-08  1.03823126e+00  5.02050000e-08  1.04912029e+00 
 5.03050000e-08  1.04933067e+00  5.03050000e-08  1.05343671e+00  5.03050000e-08  1.03823126e+00  5.03050000e-08  1.04912029e+00 
 5.04050000e-08  1.04932832e+00  5.04050000e-08  1.05343671e+00  5.04050000e-08  1.03823126e+00  5.04050000e-08  1.04912029e+00 
 5.05050000e-08  1.04932671e+00  5.05050000e-08  1.05343671e+00  5.05050000e-08  1.03823126e+00  5.05050000e-08  1.04912029e+00 
 5.06050000e-08  1.04932447e+00  5.06050000e-08  1.05343671e+00  5.06050000e-08  1.03823126e+00  5.06050000e-08  1.04912029e+00 
 5.07050000e-08  1.04932299e+00  5.07050000e-08  1.05343671e+00  5.07050000e-08  1.03823126e+00  5.07050000e-08  1.04912029e+00 
 5.08050000e-08  1.04932086e+00  5.08050000e-08  1.05343671e+00  5.08050000e-08  1.03823126e+00  5.08050000e-08  1.04912029e+00 
 5.09050000e-08  1.04931949e+00  5.09050000e-08  1.05343671e+00  5.09050000e-08  1.03823126e+00  5.09050000e-08  1.04912029e+00 
 5.10050000e-08  1.04931746e+00  5.10050000e-08  1.05343671e+00  5.10050000e-08  1.03823126e+00  5.10050000e-08  1.04912029e+00 
 5.11050000e-08  1.04931618e+00  5.11050000e-08  1.05343671e+00  5.11050000e-08  1.03823126e+00  5.11050000e-08  1.04912029e+00 
 5.12050000e-08  1.04931425e+00  5.12050000e-08  1.05343671e+00  5.12050000e-08  1.03823126e+00  5.12050000e-08  1.04912029e+00 
 5.13050000e-08  1.04931304e+00  5.13050000e-08  1.05343671e+00  5.13050000e-08  1.03823126e+00  5.13050000e-08  1.04912029e+00 
 5.14050000e-08  1.04931120e+00  5.14050000e-08  1.05343671e+00  5.14050000e-08  1.03823126e+00  5.14050000e-08  1.04912029e+00 
 5.15050000e-08  1.04931006e+00  5.15050000e-08  1.05343671e+00  5.15050000e-08  1.03823126e+00  5.15050000e-08  1.04912029e+00 
 5.16050000e-08  1.04930831e+00  5.16050000e-08  1.05343671e+00  5.16050000e-08  1.03823126e+00  5.16050000e-08  1.04912029e+00 
 5.17050000e-08  1.04930723e+00  5.17050000e-08  1.05343671e+00  5.17050000e-08  1.03823126e+00  5.17050000e-08  1.04912029e+00 
 5.18050000e-08  1.04930555e+00  5.18050000e-08  1.05343671e+00  5.18050000e-08  1.03823126e+00  5.18050000e-08  1.04912029e+00 
 5.19050000e-08  1.04930452e+00  5.19050000e-08  1.05343671e+00  5.19050000e-08  1.03823126e+00  5.19050000e-08  1.04912029e+00 
 5.20000000e-08  1.04930299e+00  5.20000000e-08  1.05343671e+00  5.20000000e-08  1.03823126e+00  5.20000000e-08  1.04912029e+00 
 5.20100000e-08  1.04929860e+00  5.20100000e-08  1.05343671e+00  5.20100000e-08  1.03823126e+00  5.20100000e-08  1.04912029e+00 
 5.20300000e-08  1.04927165e+00  5.20300000e-08  1.05343671e+00  5.20300000e-08  1.03823126e+00  5.20300000e-08  1.04912029e+00 
 5.20650000e-08  1.04931829e+00  5.20650000e-08  1.05343671e+00  5.20650000e-08  1.03823126e+00  5.20650000e-08  1.04912029e+00 
 5.21000000e-08  1.04975082e+00  5.21000000e-08  1.05343671e+00  5.21000000e-08  1.03823126e+00  5.21000000e-08  1.04912029e+00 
 5.21070000e-08  1.04986777e+00  5.21070000e-08  1.05343671e+00  5.21070000e-08  1.03823126e+00  5.21070000e-08  1.04912029e+00 
 5.21210000e-08  1.05002035e+00  5.21210000e-08  1.05343671e+00  5.21210000e-08  1.03823126e+00  5.21210000e-08  1.04912029e+00 
 5.21490000e-08  1.05007217e+00  5.21490000e-08  1.05343671e+00  5.21490000e-08  1.03823125e+00  5.21490000e-08  1.04912029e+00 
 5.22050000e-08  1.05010404e+00  5.22050000e-08  1.05343670e+00  5.22050000e-08  1.03823125e+00  5.22050000e-08  1.04912029e+00 
 5.23050000e-08  1.05009520e+00  5.23050000e-08  1.05343670e+00  5.23050000e-08  1.03823125e+00  5.23050000e-08  1.04912029e+00 
 5.24050000e-08  1.05009981e+00  5.24050000e-08  1.05343670e+00  5.24050000e-08  1.03823125e+00  5.24050000e-08  1.04912029e+00 
 5.25050000e-08  1.05009777e+00  5.25050000e-08  1.05343670e+00  5.25050000e-08  1.03823125e+00  5.25050000e-08  1.04912029e+00 
 5.26050000e-08  1.05009800e+00  5.26050000e-08  1.05343670e+00  5.26050000e-08  1.03823125e+00  5.26050000e-08  1.04912029e+00 
 5.27050000e-08  1.05009909e+00  5.27050000e-08  1.05343670e+00  5.27050000e-08  1.03823125e+00  5.27050000e-08  1.04912029e+00 
 5.28050000e-08  1.05009701e+00  5.28050000e-08  1.05343670e+00  5.28050000e-08  1.03823125e+00  5.28050000e-08  1.04912029e+00 
 5.29050000e-08  1.05009996e+00  5.29050000e-08  1.05343670e+00  5.29050000e-08  1.03823125e+00  5.29050000e-08  1.04912029e+00 
 5.30050000e-08  1.05009646e+00  5.30050000e-08  1.05343670e+00  5.30050000e-08  1.03823125e+00  5.30050000e-08  1.04912029e+00 
 5.31050000e-08  1.05010055e+00  5.31050000e-08  1.05343670e+00  5.31050000e-08  1.03823125e+00  5.31050000e-08  1.04912029e+00 
 5.32050000e-08  1.05009616e+00  5.32050000e-08  1.05343670e+00  5.32050000e-08  1.03823125e+00  5.32050000e-08  1.04912029e+00 
 5.33050000e-08  1.05010084e+00  5.33050000e-08  1.05343670e+00  5.33050000e-08  1.03823125e+00  5.33050000e-08  1.04912029e+00 
 5.34050000e-08  1.05009599e+00  5.34050000e-08  1.05343670e+00  5.34050000e-08  1.03823125e+00  5.34050000e-08  1.04912029e+00 
 5.35050000e-08  1.05010095e+00  5.35050000e-08  1.05343670e+00  5.35050000e-08  1.03823125e+00  5.35050000e-08  1.04912029e+00 
 5.36050000e-08  1.05009594e+00  5.36050000e-08  1.05343670e+00  5.36050000e-08  1.03823125e+00  5.36050000e-08  1.04912029e+00 
 5.37050000e-08  1.05010094e+00  5.37050000e-08  1.05343670e+00  5.37050000e-08  1.03823125e+00  5.37050000e-08  1.04912029e+00 
 5.38050000e-08  1.05009597e+00  5.38050000e-08  1.05343670e+00  5.38050000e-08  1.03823125e+00  5.38050000e-08  1.04912029e+00 
 5.39050000e-08  1.05010084e+00  5.39050000e-08  1.05343670e+00  5.39050000e-08  1.03823125e+00  5.39050000e-08  1.04912029e+00 
 5.40050000e-08  1.05009606e+00  5.40050000e-08  1.05343670e+00  5.40050000e-08  1.03823125e+00  5.40050000e-08  1.04912029e+00 
 5.41050000e-08  1.05010069e+00  5.41050000e-08  1.05343670e+00  5.41050000e-08  1.03823125e+00  5.41050000e-08  1.04912029e+00 
 5.42050000e-08  1.05009618e+00  5.42050000e-08  1.05343670e+00  5.42050000e-08  1.03823125e+00  5.42050000e-08  1.04912029e+00 
 5.43050000e-08  1.05010052e+00  5.43050000e-08  1.05343670e+00  5.43050000e-08  1.03823125e+00  5.43050000e-08  1.04912029e+00 
 5.44050000e-08  1.05009632e+00  5.44050000e-08  1.05343670e+00  5.44050000e-08  1.03823125e+00  5.44050000e-08  1.04912029e+00 
 5.45050000e-08  1.05010034e+00  5.45050000e-08  1.05343670e+00  5.45050000e-08  1.03823125e+00  5.45050000e-08  1.04912029e+00 
 5.46050000e-08  1.05009647e+00  5.46050000e-08  1.05343670e+00  5.46050000e-08  1.03823125e+00  5.46050000e-08  1.04912029e+00 
 5.47050000e-08  1.05010015e+00  5.47050000e-08  1.05343670e+00  5.47050000e-08  1.03823125e+00  5.47050000e-08  1.04912029e+00 
 5.48050000e-08  1.05009663e+00  5.48050000e-08  1.05343670e+00  5.48050000e-08  1.03823125e+00  5.48050000e-08  1.04912029e+00 
 5.49050000e-08  1.05009997e+00  5.49050000e-08  1.05343670e+00  5.49050000e-08  1.03823125e+00  5.49050000e-08  1.04912029e+00 
 5.50050000e-08  1.05009679e+00  5.50050000e-08  1.05343670e+00  5.50050000e-08  1.03823125e+00  5.50050000e-08  1.04912029e+00 
 5.51050000e-08  1.05009980e+00  5.51050000e-08  1.05343670e+00  5.51050000e-08  1.03823125e+00  5.51050000e-08  1.04912029e+00 
 5.52050000e-08  1.05009694e+00  5.52050000e-08  1.05343670e+00  5.52050000e-08  1.03823125e+00  5.52050000e-08  1.04912029e+00 
 5.53050000e-08  1.05009964e+00  5.53050000e-08  1.05343670e+00  5.53050000e-08  1.03823125e+00  5.53050000e-08  1.04912029e+00 
 5.54050000e-08  1.05009709e+00  5.54050000e-08  1.05343670e+00  5.54050000e-08  1.03823125e+00  5.54050000e-08  1.04912029e+00 
 5.55050000e-08  1.05009949e+00  5.55050000e-08  1.05343670e+00  5.55050000e-08  1.03823125e+00  5.55050000e-08  1.04912029e+00 
 5.56050000e-08  1.05009722e+00  5.56050000e-08  1.05343670e+00  5.56050000e-08  1.03823125e+00  5.56050000e-08  1.04912029e+00 
 5.57050000e-08  1.05009935e+00  5.57050000e-08  1.05343670e+00  5.57050000e-08  1.03823125e+00  5.57050000e-08  1.04912029e+00 
 5.58050000e-08  1.05009734e+00  5.58050000e-08  1.05343670e+00  5.58050000e-08  1.03823125e+00  5.58050000e-08  1.04912029e+00 
 5.59050000e-08  1.05009922e+00  5.59050000e-08  1.05343670e+00  5.59050000e-08  1.03823125e+00  5.59050000e-08  1.04912029e+00 
 5.60050000e-08  1.05009746e+00  5.60050000e-08  1.05343670e+00  5.60050000e-08  1.03823125e+00  5.60050000e-08  1.04912029e+00 
 5.61050000e-08  1.05009911e+00  5.61050000e-08  1.05343670e+00  5.61050000e-08  1.03823125e+00  5.61050000e-08  1.04912029e+00 
 5.62050000e-08  1.05009756e+00  5.62050000e-08  1.05343670e+00  5.62050000e-08  1.03823125e+00  5.62050000e-08  1.04912029e+00 
 5.63050000e-08  1.05009901e+00  5.63050000e-08  1.05343670e+00  5.63050000e-08  1.03823125e+00  5.63050000e-08  1.04912029e+00 
 5.64050000e-08  1.05009766e+00  5.64050000e-08  1.05343670e+00  5.64050000e-08  1.03823125e+00  5.64050000e-08  1.04912029e+00 
 5.65050000e-08  1.05009892e+00  5.65050000e-08  1.05343670e+00  5.65050000e-08  1.03823125e+00  5.65050000e-08  1.04912029e+00 
 5.66050000e-08  1.05009774e+00  5.66050000e-08  1.05343670e+00  5.66050000e-08  1.03823125e+00  5.66050000e-08  1.04912029e+00 
 5.67050000e-08  1.05009884e+00  5.67050000e-08  1.05343670e+00  5.67050000e-08  1.03823125e+00  5.67050000e-08  1.04912029e+00 
 5.68050000e-08  1.05009782e+00  5.68050000e-08  1.05343670e+00  5.68050000e-08  1.03823125e+00  5.68050000e-08  1.04912029e+00 
 5.69050000e-08  1.05009877e+00  5.69050000e-08  1.05343670e+00  5.69050000e-08  1.03823125e+00  5.69050000e-08  1.04912029e+00 
 5.70050000e-08  1.05009788e+00  5.70050000e-08  1.05343670e+00  5.70050000e-08  1.03823125e+00  5.70050000e-08  1.04912029e+00 
 5.71000000e-08  1.05009870e+00  5.71000000e-08  1.05343670e+00  5.71000000e-08  1.03823125e+00  5.71000000e-08  1.04912029e+00 
 5.71100000e-08  1.05009965e+00  5.71100000e-08  1.05343670e+00  5.71100000e-08  1.03823125e+00  5.71100000e-08  1.04912029e+00 
 5.71300000e-08  1.05009954e+00  5.71300000e-08  1.05343670e+00  5.71300000e-08  1.03823125e+00  5.71300000e-08  1.04912029e+00 
 5.71650000e-08  1.05001407e+00  5.71650000e-08  1.05343670e+00  5.71650000e-08  1.03823125e+00  5.71650000e-08  1.04912029e+00 
 5.72000000e-08  1.04983284e+00  5.72000000e-08  1.05343670e+00  5.72000000e-08  1.03823125e+00  5.72000000e-08  1.04912029e+00 
 5.72070000e-08  1.04980461e+00  5.72070000e-08  1.05343670e+00  5.72070000e-08  1.03823125e+00  5.72070000e-08  1.04912029e+00 
 5.72210000e-08  1.04975957e+00  5.72210000e-08  1.05343670e+00  5.72210000e-08  1.03823125e+00  5.72210000e-08  1.04912029e+00 
 5.72490000e-08  1.04968197e+00  5.72490000e-08  1.05343670e+00  5.72490000e-08  1.03823125e+00  5.72490000e-08  1.04912029e+00 
 5.73050000e-08  1.04957989e+00  5.73050000e-08  1.05343670e+00  5.73050000e-08  1.03823126e+00  5.73050000e-08  1.04912029e+00 
 5.74050000e-08  1.04952445e+00  5.74050000e-08  1.05343671e+00  5.74050000e-08  1.03823126e+00  5.74050000e-08  1.04912029e+00 
 5.75050000e-08  1.04948884e+00  5.75050000e-08  1.05343671e+00  5.75050000e-08  1.03823126e+00  5.75050000e-08  1.04912029e+00 
 5.76050000e-08  1.04947157e+00  5.76050000e-08  1.05343671e+00  5.76050000e-08  1.03823126e+00  5.76050000e-08  1.04912029e+00 
 5.77050000e-08  1.04945194e+00  5.77050000e-08  1.05343671e+00  5.77050000e-08  1.03823126e+00  5.77050000e-08  1.04912029e+00 
 5.78050000e-08  1.04944199e+00  5.78050000e-08  1.05343671e+00  5.78050000e-08  1.03823126e+00  5.78050000e-08  1.04912029e+00 
 5.79050000e-08  1.04942862e+00  5.79050000e-08  1.05343671e+00  5.79050000e-08  1.03823126e+00  5.79050000e-08  1.04912029e+00 
 5.80050000e-08  1.04942152e+00  5.80050000e-08  1.05343671e+00  5.80050000e-08  1.03823126e+00  5.80050000e-08  1.04912029e+00 
 5.81050000e-08  1.04941154e+00  5.81050000e-08  1.05343671e+00  5.81050000e-08  1.03823126e+00  5.81050000e-08  1.04912029e+00 
 5.82050000e-08  1.04940590e+00  5.82050000e-08  1.05343671e+00  5.82050000e-08  1.03823126e+00  5.82050000e-08  1.04912029e+00 
 5.83050000e-08  1.04939809e+00  5.83050000e-08  1.05343671e+00  5.83050000e-08  1.03823126e+00  5.83050000e-08  1.04912029e+00 
 5.84050000e-08  1.04939331e+00  5.84050000e-08  1.05343671e+00  5.84050000e-08  1.03823126e+00  5.84050000e-08  1.04912029e+00 
 5.85050000e-08  1.04938702e+00  5.85050000e-08  1.05343671e+00  5.85050000e-08  1.03823126e+00  5.85050000e-08  1.04912029e+00 
 5.86050000e-08  1.04938279e+00  5.86050000e-08  1.05343671e+00  5.86050000e-08  1.03823126e+00  5.86050000e-08  1.04912029e+00 
 5.87050000e-08  1.04937760e+00  5.87050000e-08  1.05343671e+00  5.87050000e-08  1.03823126e+00  5.87050000e-08  1.04912029e+00 
 5.88050000e-08  1.04937377e+00  5.88050000e-08  1.05343671e+00  5.88050000e-08  1.03823126e+00  5.88050000e-08  1.04912029e+00 
 5.89050000e-08  1.04936943e+00  5.89050000e-08  1.05343671e+00  5.89050000e-08  1.03823126e+00  5.89050000e-08  1.04912029e+00 
 5.90050000e-08  1.04936589e+00  5.90050000e-08  1.05343671e+00  5.90050000e-08  1.03823126e+00  5.90050000e-08  1.04912029e+00 
 5.91050000e-08  1.04936220e+00  5.91050000e-08  1.05343671e+00  5.91050000e-08  1.03823126e+00  5.91050000e-08  1.04912029e+00 
 5.92050000e-08  1.04935890e+00  5.92050000e-08  1.05343671e+00  5.92050000e-08  1.03823126e+00  5.92050000e-08  1.04912029e+00 
 5.93050000e-08  1.04935573e+00  5.93050000e-08  1.05343671e+00  5.93050000e-08  1.03823126e+00  5.93050000e-08  1.04912029e+00 
 5.94050000e-08  1.04935263e+00  5.94050000e-08  1.05343671e+00  5.94050000e-08  1.03823126e+00  5.94050000e-08  1.04912029e+00 
 5.95050000e-08  1.04934986e+00  5.95050000e-08  1.05343671e+00  5.95050000e-08  1.03823126e+00  5.95050000e-08  1.04912029e+00 
 5.96050000e-08  1.04934695e+00  5.96050000e-08  1.05343671e+00  5.96050000e-08  1.03823126e+00  5.96050000e-08  1.04912029e+00 
 5.97050000e-08  1.04934451e+00  5.97050000e-08  1.05343671e+00  5.97050000e-08  1.03823126e+00  5.97050000e-08  1.04912029e+00 
 5.98050000e-08  1.04934175e+00  5.98050000e-08  1.05343671e+00  5.98050000e-08  1.03823126e+00  5.98050000e-08  1.04912029e+00 
 5.99050000e-08  1.04933959e+00  5.99050000e-08  1.05343671e+00  5.99050000e-08  1.03823126e+00  5.99050000e-08  1.04912029e+00 
 6.00000000e-08  1.04933709e+00  6.00000000e-08  1.05343671e+00  6.00000000e-08  1.03823126e+00  6.00000000e-08  1.04912029e+00 
