 0.00000000e+00  1.79983617e+00  0.00000000e+00  0.00000000e+00 
 1.00000000e-12  1.79983618e+00  1.00000000e-12  0.00000000e+00 
 2.00000000e-12  1.79983618e+00  2.00000000e-12  0.00000000e+00 
 4.00000000e-12  1.79983619e+00  4.00000000e-12  0.00000000e+00 
 8.00000000e-12  1.79983621e+00  8.00000000e-12  0.00000000e+00 
 1.60000000e-11  1.79983622e+00  1.60000000e-11  0.00000000e+00 
 3.20000000e-11  1.79983623e+00  3.20000000e-11  0.00000000e+00 
 6.40000000e-11  1.79983623e+00  6.40000000e-11  0.00000000e+00 
 1.28000000e-10  1.79983623e+00  1.28000000e-10  0.00000000e+00 
 2.28000000e-10  1.79983623e+00  2.28000000e-10  0.00000000e+00 
 3.28000000e-10  1.79983622e+00  3.28000000e-10  0.00000000e+00 
 4.28000000e-10  1.79983622e+00  4.28000000e-10  0.00000000e+00 
 5.28000000e-10  1.79983622e+00  5.28000000e-10  0.00000000e+00 
 6.28000000e-10  1.79983621e+00  6.28000000e-10  0.00000000e+00 
 7.28000000e-10  1.79983621e+00  7.28000000e-10  0.00000000e+00 
 8.28000000e-10  1.79983621e+00  8.28000000e-10  0.00000000e+00 
 9.28000000e-10  1.79983621e+00  9.28000000e-10  0.00000000e+00 
 1.02800000e-09  1.79983620e+00  1.02800000e-09  0.00000000e+00 
 1.12800000e-09  1.79983620e+00  1.12800000e-09  0.00000000e+00 
 1.22800000e-09  1.79983620e+00  1.22800000e-09  0.00000000e+00 
 1.32800000e-09  1.79983620e+00  1.32800000e-09  0.00000000e+00 
 1.42800000e-09  1.79983620e+00  1.42800000e-09  0.00000000e+00 
 1.52800000e-09  1.79983619e+00  1.52800000e-09  0.00000000e+00 
 1.62800000e-09  1.79983619e+00  1.62800000e-09  0.00000000e+00 
 1.72800000e-09  1.79983619e+00  1.72800000e-09  0.00000000e+00 
 1.82800000e-09  1.79983619e+00  1.82800000e-09  0.00000000e+00 
 1.91400000e-09  1.79983619e+00  1.91400000e-09  0.00000000e+00 
 2.00000000e-09  1.79983619e+00  2.00000000e-09  0.00000000e+00 
 2.01000000e-09  1.79983619e+00  2.01000000e-09  1.80000000e-01 
 2.03000000e-09  1.79983619e+00  2.03000000e-09  5.40000000e-01 
 2.06500000e-09  1.79983619e+00  2.06500000e-09  1.17000000e+00 
 2.06937500e-09  1.79983619e+00  2.06937500e-09  1.24875000e+00 
 2.07812500e-09  1.79983619e+00  2.07812500e-09  1.40625000e+00 
 2.08906250e-09  1.79983619e+00  2.08906250e-09  1.60312500e+00 
 2.10000000e-09  1.79983619e+00  2.10000000e-09  1.80000000e+00 
 2.10218750e-09  1.79983619e+00  2.10218750e-09  1.80000000e+00 
 2.10656250e-09  1.79983619e+00  2.10656250e-09  1.80000000e+00 
 2.11531250e-09  1.79983621e+00  2.11531250e-09  1.80000000e+00 
 2.13281250e-09  1.79983632e+00  2.13281250e-09  1.80000000e+00 
 2.16781250e-09  1.79983205e+00  2.16781250e-09  1.80000000e+00 
 2.23781250e-09  1.79972647e+00  2.23781250e-09  1.80000000e+00 
 2.32862687e-09  1.79985932e+00  2.32862687e-09  1.80000000e+00 
 2.42862687e-09  1.79987496e+00  2.42862687e-09  1.80000000e+00 
 2.52862687e-09  1.79978603e+00  2.52862687e-09  1.80000000e+00 
 2.62862687e-09  1.79990597e+00  2.62862687e-09  1.80000000e+00 
 2.72862687e-09  1.79977227e+00  2.72862687e-09  1.80000000e+00 
 2.82862687e-09  1.79990515e+00  2.82862687e-09  1.80000000e+00 
 2.92862687e-09  1.79977800e+00  2.92862687e-09  1.80000000e+00 
 3.02862687e-09  1.79989401e+00  3.02862687e-09  1.80000000e+00 
 3.12862687e-09  1.79978981e+00  3.12862687e-09  1.80000000e+00 
 3.22862687e-09  1.79988046e+00  3.22862687e-09  1.80000000e+00 
 3.32862687e-09  1.79980239e+00  3.32862687e-09  1.80000000e+00 
 3.42862687e-09  1.79986772e+00  3.42862687e-09  1.80000000e+00 
 3.52862687e-09  1.79981361e+00  3.52862687e-09  1.80000000e+00 
 3.62862687e-09  1.79985697e+00  3.62862687e-09  1.80000000e+00 
 3.72862687e-09  1.79982279e+00  3.72862687e-09  1.80000000e+00 
 3.82862687e-09  1.79984843e+00  3.82862687e-09  1.80000000e+00 
 3.92862687e-09  1.79982987e+00  3.92862687e-09  1.80000000e+00 
 4.02862687e-09  1.79984197e+00  4.02862687e-09  1.80000000e+00 
 4.12862687e-09  1.79983510e+00  4.12862687e-09  1.80000000e+00 
 4.22862687e-09  1.79983725e+00  4.22862687e-09  1.80000000e+00 
 4.32862687e-09  1.79983879e+00  4.32862687e-09  1.80000000e+00 
 4.42862687e-09  1.79983395e+00  4.42862687e-09  1.80000000e+00 
 4.52862687e-09  1.79984127e+00  4.52862687e-09  1.80000000e+00 
 4.62862687e-09  1.79983174e+00  4.62862687e-09  1.80000000e+00 
 4.72862687e-09  1.79984283e+00  4.72862687e-09  1.80000000e+00 
 4.81431344e-09  1.79983028e+00  4.81431344e-09  1.80000000e+00 
 4.90000000e-09  1.79984383e+00  4.90000000e-09  1.80000000e+00 
 4.91000000e-09  1.79983666e+00  4.91000000e-09  1.80000000e+00 
 4.93000000e-09  1.79983636e+00  4.93000000e-09  1.80000000e+00 
 4.96500000e-09  1.79983671e+00  4.96500000e-09  1.80000000e+00 
 5.00000000e-09  1.79983687e+00  5.00000000e-09  1.80000000e+00 
 5.00700000e-09  1.79983688e+00  5.00700000e-09  1.80000000e+00 
 5.02100000e-09  1.79983671e+00  5.02100000e-09  1.80000000e+00 
 5.04900000e-09  1.79983673e+00  5.04900000e-09  1.80000000e+00 
 5.10500000e-09  1.79983678e+00  5.10500000e-09  1.80000000e+00 
 5.20500000e-09  1.79983666e+00  5.20500000e-09  1.80000000e+00 
 5.30500000e-09  1.79983671e+00  5.30500000e-09  1.80000000e+00 
 5.40500000e-09  1.79983659e+00  5.40500000e-09  1.80000000e+00 
 5.50500000e-09  1.79983665e+00  5.50500000e-09  1.80000000e+00 
 5.60500000e-09  1.79983653e+00  5.60500000e-09  1.80000000e+00 
 5.70500000e-09  1.79983659e+00  5.70500000e-09  1.80000000e+00 
 5.80500000e-09  1.79983648e+00  5.80500000e-09  1.80000000e+00 
 5.90500000e-09  1.79983654e+00  5.90500000e-09  1.80000000e+00 
 6.00500000e-09  1.79983644e+00  6.00500000e-09  1.80000000e+00 
 6.10500000e-09  1.79983650e+00  6.10500000e-09  1.80000000e+00 
 6.20500000e-09  1.79983640e+00  6.20500000e-09  1.80000000e+00 
 6.30500000e-09  1.79983646e+00  6.30500000e-09  1.80000000e+00 
 6.40500000e-09  1.79983637e+00  6.40500000e-09  1.80000000e+00 
 6.50500000e-09  1.79983643e+00  6.50500000e-09  1.80000000e+00 
 6.60500000e-09  1.79983635e+00  6.60500000e-09  1.80000000e+00 
 6.70500000e-09  1.79983640e+00  6.70500000e-09  1.80000000e+00 
 6.80500000e-09  1.79983632e+00  6.80500000e-09  1.80000000e+00 
 6.90500000e-09  1.79983637e+00  6.90500000e-09  1.80000000e+00 
 7.00500000e-09  1.79983630e+00  7.00500000e-09  1.80000000e+00 
 7.10000000e-09  1.79983634e+00  7.10000000e-09  1.80000000e+00 
 7.11000000e-09  1.79983632e+00  7.11000000e-09  1.62000000e+00 
 7.13000000e-09  1.79983632e+00  7.13000000e-09  1.26000000e+00 
 7.16500000e-09  1.79983631e+00  7.16500000e-09  6.30000000e-01 
 7.20000000e-09  1.79983631e+00  7.20000000e-09  0.00000000e+00 
 7.20700000e-09  1.79983631e+00  7.20700000e-09  0.00000000e+00 
 7.22100000e-09  1.79983631e+00  7.22100000e-09  0.00000000e+00 
 7.24900000e-09  1.79983631e+00  7.24900000e-09  0.00000000e+00 
 7.30500000e-09  1.79983630e+00  7.30500000e-09  0.00000000e+00 
 7.40500000e-09  1.79983629e+00  7.40500000e-09  0.00000000e+00 
 7.50500000e-09  1.79983629e+00  7.50500000e-09  0.00000000e+00 
 7.60500000e-09  1.79983628e+00  7.60500000e-09  0.00000000e+00 
 7.70500000e-09  1.79983627e+00  7.70500000e-09  0.00000000e+00 
 7.80500000e-09  1.79983626e+00  7.80500000e-09  0.00000000e+00 
 7.90500000e-09  1.79983626e+00  7.90500000e-09  0.00000000e+00 
 8.00500000e-09  1.79983625e+00  8.00500000e-09  0.00000000e+00 
 8.10500000e-09  1.79983625e+00  8.10500000e-09  0.00000000e+00 
 8.20500000e-09  1.79983624e+00  8.20500000e-09  0.00000000e+00 
 8.30500000e-09  1.79983624e+00  8.30500000e-09  0.00000000e+00 
 8.40500000e-09  1.79983623e+00  8.40500000e-09  0.00000000e+00 
 8.50500000e-09  1.79983623e+00  8.50500000e-09  0.00000000e+00 
 8.60500000e-09  1.79983623e+00  8.60500000e-09  0.00000000e+00 
 8.70500000e-09  1.79983622e+00  8.70500000e-09  0.00000000e+00 
 8.80500000e-09  1.79983622e+00  8.80500000e-09  0.00000000e+00 
 8.90500000e-09  1.79983622e+00  8.90500000e-09  0.00000000e+00 
 9.00500000e-09  1.79983621e+00  9.00500000e-09  0.00000000e+00 
 9.10500000e-09  1.79983621e+00  9.10500000e-09  0.00000000e+00 
 9.20500000e-09  1.79983621e+00  9.20500000e-09  0.00000000e+00 
 9.30500000e-09  1.79983621e+00  9.30500000e-09  0.00000000e+00 
 9.40500000e-09  1.79983620e+00  9.40500000e-09  0.00000000e+00 
 9.50500000e-09  1.79983620e+00  9.50500000e-09  0.00000000e+00 
 9.60500000e-09  1.79983620e+00  9.60500000e-09  0.00000000e+00 
 9.70500000e-09  1.79983620e+00  9.70500000e-09  0.00000000e+00 
 9.80500000e-09  1.79983620e+00  9.80500000e-09  0.00000000e+00 
 9.90500000e-09  1.79983619e+00  9.90500000e-09  0.00000000e+00 
 1.00050000e-08  1.79983619e+00  1.00050000e-08  0.00000000e+00 
 1.01050000e-08  1.79983619e+00  1.01050000e-08  0.00000000e+00 
 1.02050000e-08  1.79983619e+00  1.02050000e-08  0.00000000e+00 
 1.03050000e-08  1.79983619e+00  1.03050000e-08  0.00000000e+00 
 1.04050000e-08  1.79983619e+00  1.04050000e-08  0.00000000e+00 
 1.05050000e-08  1.79983619e+00  1.05050000e-08  0.00000000e+00 
 1.06050000e-08  1.79983619e+00  1.06050000e-08  0.00000000e+00 
 1.07050000e-08  1.79983618e+00  1.07050000e-08  0.00000000e+00 
 1.08050000e-08  1.79983618e+00  1.08050000e-08  0.00000000e+00 
 1.09050000e-08  1.79983618e+00  1.09050000e-08  0.00000000e+00 
 1.10050000e-08  1.79983618e+00  1.10050000e-08  0.00000000e+00 
 1.11050000e-08  1.79983618e+00  1.11050000e-08  0.00000000e+00 
 1.12050000e-08  1.79983618e+00  1.12050000e-08  0.00000000e+00 
 1.13050000e-08  1.79983618e+00  1.13050000e-08  0.00000000e+00 
 1.14050000e-08  1.79983618e+00  1.14050000e-08  0.00000000e+00 
 1.15050000e-08  1.79983618e+00  1.15050000e-08  0.00000000e+00 
 1.16050000e-08  1.79983618e+00  1.16050000e-08  0.00000000e+00 
 1.17050000e-08  1.79983618e+00  1.17050000e-08  0.00000000e+00 
 1.18050000e-08  1.79983618e+00  1.18050000e-08  0.00000000e+00 
 1.19050000e-08  1.79983618e+00  1.19050000e-08  0.00000000e+00 
 1.20000000e-08  1.79983618e+00  1.20000000e-08  0.00000000e+00 
 1.20100000e-08  1.79983618e+00  1.20100000e-08  1.80000000e-01 
 1.20300000e-08  1.79983618e+00  1.20300000e-08  5.40000000e-01 
 1.20650000e-08  1.79983618e+00  1.20650000e-08  1.17000000e+00 
 1.21000000e-08  1.79983618e+00  1.21000000e-08  1.80000000e+00 
 1.21070000e-08  1.79983618e+00  1.21070000e-08  1.80000000e+00 
 1.21210000e-08  1.79983618e+00  1.21210000e-08  1.80000000e+00 
 1.21490000e-08  1.79983618e+00  1.21490000e-08  1.80000000e+00 
 1.22050000e-08  1.79983618e+00  1.22050000e-08  1.80000000e+00 
 1.23050000e-08  1.79983618e+00  1.23050000e-08  1.80000000e+00 
 1.24050000e-08  1.79983618e+00  1.24050000e-08  1.80000000e+00 
 1.25050000e-08  1.79983618e+00  1.25050000e-08  1.80000000e+00 
 1.26050000e-08  1.79983617e+00  1.26050000e-08  1.80000000e+00 
 1.27050000e-08  1.79983617e+00  1.27050000e-08  1.80000000e+00 
 1.28050000e-08  1.79983617e+00  1.28050000e-08  1.80000000e+00 
 1.29050000e-08  1.79983617e+00  1.29050000e-08  1.80000000e+00 
 1.30050000e-08  1.79983617e+00  1.30050000e-08  1.80000000e+00 
 1.31050000e-08  1.79983617e+00  1.31050000e-08  1.80000000e+00 
 1.32050000e-08  1.79983617e+00  1.32050000e-08  1.80000000e+00 
 1.33050000e-08  1.79983617e+00  1.33050000e-08  1.80000000e+00 
 1.34050000e-08  1.79983617e+00  1.34050000e-08  1.80000000e+00 
 1.35050000e-08  1.79983617e+00  1.35050000e-08  1.80000000e+00 
 1.36050000e-08  1.79983617e+00  1.36050000e-08  1.80000000e+00 
 1.37050000e-08  1.79983617e+00  1.37050000e-08  1.80000000e+00 
 1.38050000e-08  1.79983617e+00  1.38050000e-08  1.80000000e+00 
 1.39050000e-08  1.79983617e+00  1.39050000e-08  1.80000000e+00 
 1.40050000e-08  1.79983617e+00  1.40050000e-08  1.80000000e+00 
 1.41050000e-08  1.79983617e+00  1.41050000e-08  1.80000000e+00 
 1.42050000e-08  1.79983617e+00  1.42050000e-08  1.80000000e+00 
 1.43050000e-08  1.79983617e+00  1.43050000e-08  1.80000000e+00 
 1.44050000e-08  1.79983617e+00  1.44050000e-08  1.80000000e+00 
 1.45050000e-08  1.79983617e+00  1.45050000e-08  1.80000000e+00 
 1.46050000e-08  1.79983617e+00  1.46050000e-08  1.80000000e+00 
 1.47050000e-08  1.79983617e+00  1.47050000e-08  1.80000000e+00 
 1.48050000e-08  1.79983617e+00  1.48050000e-08  1.80000000e+00 
 1.49000000e-08  1.79983617e+00  1.49000000e-08  1.80000000e+00 
 1.49100000e-08  1.79983617e+00  1.49100000e-08  1.80000000e+00 
 1.49300000e-08  1.79983617e+00  1.49300000e-08  1.80000000e+00 
 1.49650000e-08  1.79983617e+00  1.49650000e-08  1.80000000e+00 
 1.50000000e-08  1.79983617e+00  1.50000000e-08  1.80000000e+00 
 1.50070000e-08  1.79983617e+00  1.50070000e-08  1.80000000e+00 
 1.50210000e-08  1.79983617e+00  1.50210000e-08  1.80000000e+00 
 1.50490000e-08  1.79983617e+00  1.50490000e-08  1.80000000e+00 
 1.51050000e-08  1.79983617e+00  1.51050000e-08  1.80000000e+00 
 1.52050000e-08  1.79983617e+00  1.52050000e-08  1.80000000e+00 
 1.53050000e-08  1.79983617e+00  1.53050000e-08  1.80000000e+00 
 1.54050000e-08  1.79983617e+00  1.54050000e-08  1.80000000e+00 
 1.55050000e-08  1.79983617e+00  1.55050000e-08  1.80000000e+00 
 1.56050000e-08  1.79983617e+00  1.56050000e-08  1.80000000e+00 
 1.57050000e-08  1.79983617e+00  1.57050000e-08  1.80000000e+00 
 1.58050000e-08  1.79983617e+00  1.58050000e-08  1.80000000e+00 
 1.59050000e-08  1.79983617e+00  1.59050000e-08  1.80000000e+00 
 1.60050000e-08  1.79983617e+00  1.60050000e-08  1.80000000e+00 
 1.61050000e-08  1.79983617e+00  1.61050000e-08  1.80000000e+00 
 1.62050000e-08  1.79983617e+00  1.62050000e-08  1.80000000e+00 
 1.63050000e-08  1.79983617e+00  1.63050000e-08  1.80000000e+00 
 1.64050000e-08  1.79983617e+00  1.64050000e-08  1.80000000e+00 
 1.65050000e-08  1.79983617e+00  1.65050000e-08  1.80000000e+00 
 1.66050000e-08  1.79983617e+00  1.66050000e-08  1.80000000e+00 
 1.67050000e-08  1.79983617e+00  1.67050000e-08  1.80000000e+00 
 1.68050000e-08  1.79983617e+00  1.68050000e-08  1.80000000e+00 
 1.69050000e-08  1.79983617e+00  1.69050000e-08  1.80000000e+00 
 1.70050000e-08  1.79983617e+00  1.70050000e-08  1.80000000e+00 
 1.71000000e-08  1.79983617e+00  1.71000000e-08  1.80000000e+00 
 1.71100000e-08  1.79983617e+00  1.71100000e-08  1.62000000e+00 
 1.71300000e-08  1.79983617e+00  1.71300000e-08  1.26000000e+00 
 1.71650000e-08  1.79983617e+00  1.71650000e-08  6.30000000e-01 
 1.72000000e-08  1.79983617e+00  1.72000000e-08  0.00000000e+00 
 1.72070000e-08  1.79983617e+00  1.72070000e-08  0.00000000e+00 
 1.72210000e-08  1.79983617e+00  1.72210000e-08  0.00000000e+00 
 1.72490000e-08  1.79983617e+00  1.72490000e-08  0.00000000e+00 
 1.73050000e-08  1.79983617e+00  1.73050000e-08  0.00000000e+00 
 1.74050000e-08  1.79983617e+00  1.74050000e-08  0.00000000e+00 
 1.75050000e-08  1.79983617e+00  1.75050000e-08  0.00000000e+00 
 1.76050000e-08  1.79983617e+00  1.76050000e-08  0.00000000e+00 
 1.77050000e-08  1.79983617e+00  1.77050000e-08  0.00000000e+00 
 1.78050000e-08  1.79983617e+00  1.78050000e-08  0.00000000e+00 
 1.79050000e-08  1.79983617e+00  1.79050000e-08  0.00000000e+00 
 1.80050000e-08  1.79983617e+00  1.80050000e-08  0.00000000e+00 
 1.81050000e-08  1.79983617e+00  1.81050000e-08  0.00000000e+00 
 1.82050000e-08  1.79983617e+00  1.82050000e-08  0.00000000e+00 
 1.83050000e-08  1.79983617e+00  1.83050000e-08  0.00000000e+00 
 1.84050000e-08  1.79983617e+00  1.84050000e-08  0.00000000e+00 
 1.85050000e-08  1.79983617e+00  1.85050000e-08  0.00000000e+00 
 1.86050000e-08  1.79983617e+00  1.86050000e-08  0.00000000e+00 
 1.87050000e-08  1.79983617e+00  1.87050000e-08  0.00000000e+00 
 1.88050000e-08  1.79983617e+00  1.88050000e-08  0.00000000e+00 
 1.89050000e-08  1.79983617e+00  1.89050000e-08  0.00000000e+00 
 1.90050000e-08  1.79983617e+00  1.90050000e-08  0.00000000e+00 
 1.91050000e-08  1.79983617e+00  1.91050000e-08  0.00000000e+00 
 1.92050000e-08  1.79983617e+00  1.92050000e-08  0.00000000e+00 
 1.93050000e-08  1.79983617e+00  1.93050000e-08  0.00000000e+00 
 1.94050000e-08  1.79983617e+00  1.94050000e-08  0.00000000e+00 
 1.95050000e-08  1.79983617e+00  1.95050000e-08  0.00000000e+00 
 1.96050000e-08  1.79983617e+00  1.96050000e-08  0.00000000e+00 
 1.97050000e-08  1.79983617e+00  1.97050000e-08  0.00000000e+00 
 1.98050000e-08  1.79983617e+00  1.98050000e-08  0.00000000e+00 
 1.99050000e-08  1.79983617e+00  1.99050000e-08  0.00000000e+00 
 2.00050000e-08  1.79983617e+00  2.00050000e-08  0.00000000e+00 
 2.01050000e-08  1.79983617e+00  2.01050000e-08  0.00000000e+00 
 2.02050000e-08  1.79983617e+00  2.02050000e-08  0.00000000e+00 
 2.03050000e-08  1.79983617e+00  2.03050000e-08  0.00000000e+00 
 2.04050000e-08  1.79983617e+00  2.04050000e-08  0.00000000e+00 
 2.05050000e-08  1.79983617e+00  2.05050000e-08  0.00000000e+00 
 2.06050000e-08  1.79983617e+00  2.06050000e-08  0.00000000e+00 
 2.07050000e-08  1.79983617e+00  2.07050000e-08  0.00000000e+00 
 2.08050000e-08  1.79983617e+00  2.08050000e-08  0.00000000e+00 
 2.09050000e-08  1.79983617e+00  2.09050000e-08  0.00000000e+00 
 2.10050000e-08  1.79983617e+00  2.10050000e-08  0.00000000e+00 
 2.11050000e-08  1.79983617e+00  2.11050000e-08  0.00000000e+00 
 2.12050000e-08  1.79983617e+00  2.12050000e-08  0.00000000e+00 
 2.13050000e-08  1.79983617e+00  2.13050000e-08  0.00000000e+00 
 2.14050000e-08  1.79983617e+00  2.14050000e-08  0.00000000e+00 
 2.15050000e-08  1.79983617e+00  2.15050000e-08  0.00000000e+00 
 2.16050000e-08  1.79983617e+00  2.16050000e-08  0.00000000e+00 
 2.17050000e-08  1.79983617e+00  2.17050000e-08  0.00000000e+00 
 2.18050000e-08  1.79983617e+00  2.18050000e-08  0.00000000e+00 
 2.19050000e-08  1.79983617e+00  2.19050000e-08  0.00000000e+00 
 2.20000000e-08  1.79983617e+00  2.20000000e-08  0.00000000e+00 
 2.20100000e-08  1.79983617e+00  2.20100000e-08  1.80000000e-01 
 2.20300000e-08  1.79983617e+00  2.20300000e-08  5.40000000e-01 
 2.20650000e-08  1.79983617e+00  2.20650000e-08  1.17000000e+00 
 2.21000000e-08  1.79983617e+00  2.21000000e-08  1.80000000e+00 
 2.21070000e-08  1.79983617e+00  2.21070000e-08  1.80000000e+00 
 2.21210000e-08  1.79983617e+00  2.21210000e-08  1.80000000e+00 
 2.21490000e-08  1.79983617e+00  2.21490000e-08  1.80000000e+00 
 2.22050000e-08  1.79983617e+00  2.22050000e-08  1.80000000e+00 
 2.23050000e-08  1.79983617e+00  2.23050000e-08  1.80000000e+00 
 2.24050000e-08  1.79983617e+00  2.24050000e-08  1.80000000e+00 
 2.25050000e-08  1.79983617e+00  2.25050000e-08  1.80000000e+00 
 2.26050000e-08  1.79983617e+00  2.26050000e-08  1.80000000e+00 
 2.27050000e-08  1.79983617e+00  2.27050000e-08  1.80000000e+00 
 2.28050000e-08  1.79983617e+00  2.28050000e-08  1.80000000e+00 
 2.29050000e-08  1.79983617e+00  2.29050000e-08  1.80000000e+00 
 2.30050000e-08  1.79983617e+00  2.30050000e-08  1.80000000e+00 
 2.31050000e-08  1.79983617e+00  2.31050000e-08  1.80000000e+00 
 2.32050000e-08  1.79983617e+00  2.32050000e-08  1.80000000e+00 
 2.33050000e-08  1.79983617e+00  2.33050000e-08  1.80000000e+00 
 2.34050000e-08  1.79983617e+00  2.34050000e-08  1.80000000e+00 
 2.35050000e-08  1.79983617e+00  2.35050000e-08  1.80000000e+00 
 2.36050000e-08  1.79983617e+00  2.36050000e-08  1.80000000e+00 
 2.37050000e-08  1.79983617e+00  2.37050000e-08  1.80000000e+00 
 2.38050000e-08  1.79983617e+00  2.38050000e-08  1.80000000e+00 
 2.39050000e-08  1.79983617e+00  2.39050000e-08  1.80000000e+00 
 2.40050000e-08  1.79983617e+00  2.40050000e-08  1.80000000e+00 
 2.41050000e-08  1.79983617e+00  2.41050000e-08  1.80000000e+00 
 2.42050000e-08  1.79983617e+00  2.42050000e-08  1.80000000e+00 
 2.43050000e-08  1.79983617e+00  2.43050000e-08  1.80000000e+00 
 2.44050000e-08  1.79983617e+00  2.44050000e-08  1.80000000e+00 
 2.45050000e-08  1.79983617e+00  2.45050000e-08  1.80000000e+00 
 2.46050000e-08  1.79983617e+00  2.46050000e-08  1.80000000e+00 
 2.47050000e-08  1.79983617e+00  2.47050000e-08  1.80000000e+00 
 2.48050000e-08  1.79983617e+00  2.48050000e-08  1.80000000e+00 
 2.49000000e-08  1.79983617e+00  2.49000000e-08  1.80000000e+00 
 2.49100000e-08  1.79983617e+00  2.49100000e-08  1.80000000e+00 
 2.49300000e-08  1.79983617e+00  2.49300000e-08  1.80000000e+00 
 2.49650000e-08  1.79983617e+00  2.49650000e-08  1.80000000e+00 
 2.50000000e-08  1.79983617e+00  2.50000000e-08  1.80000000e+00 
 2.50070000e-08  1.79983617e+00  2.50070000e-08  1.80000000e+00 
 2.50210000e-08  1.79983617e+00  2.50210000e-08  1.80000000e+00 
 2.50490000e-08  1.79983617e+00  2.50490000e-08  1.80000000e+00 
 2.51050000e-08  1.79983617e+00  2.51050000e-08  1.80000000e+00 
 2.52050000e-08  1.79983617e+00  2.52050000e-08  1.80000000e+00 
 2.53050000e-08  1.79983617e+00  2.53050000e-08  1.80000000e+00 
 2.54050000e-08  1.79983617e+00  2.54050000e-08  1.80000000e+00 
 2.55050000e-08  1.79983617e+00  2.55050000e-08  1.80000000e+00 
 2.56050000e-08  1.79983617e+00  2.56050000e-08  1.80000000e+00 
 2.57050000e-08  1.79983617e+00  2.57050000e-08  1.80000000e+00 
 2.58050000e-08  1.79983617e+00  2.58050000e-08  1.80000000e+00 
 2.59050000e-08  1.79983617e+00  2.59050000e-08  1.80000000e+00 
 2.60050000e-08  1.79983617e+00  2.60050000e-08  1.80000000e+00 
 2.61050000e-08  1.79983617e+00  2.61050000e-08  1.80000000e+00 
 2.62050000e-08  1.79983617e+00  2.62050000e-08  1.80000000e+00 
 2.63050000e-08  1.79983617e+00  2.63050000e-08  1.80000000e+00 
 2.64050000e-08  1.79983617e+00  2.64050000e-08  1.80000000e+00 
 2.65050000e-08  1.79983617e+00  2.65050000e-08  1.80000000e+00 
 2.66050000e-08  1.79983617e+00  2.66050000e-08  1.80000000e+00 
 2.67050000e-08  1.79983617e+00  2.67050000e-08  1.80000000e+00 
 2.68050000e-08  1.79983617e+00  2.68050000e-08  1.80000000e+00 
 2.69050000e-08  1.79983617e+00  2.69050000e-08  1.80000000e+00 
 2.70050000e-08  1.79983617e+00  2.70050000e-08  1.80000000e+00 
 2.71000000e-08  1.79983617e+00  2.71000000e-08  1.80000000e+00 
 2.71100000e-08  1.79983617e+00  2.71100000e-08  1.62000000e+00 
 2.71300000e-08  1.79983617e+00  2.71300000e-08  1.26000000e+00 
 2.71650000e-08  1.79983617e+00  2.71650000e-08  6.30000000e-01 
 2.72000000e-08  1.79983617e+00  2.72000000e-08  0.00000000e+00 
 2.72070000e-08  1.79983617e+00  2.72070000e-08  0.00000000e+00 
 2.72210000e-08  1.79983617e+00  2.72210000e-08  0.00000000e+00 
 2.72490000e-08  1.79983617e+00  2.72490000e-08  0.00000000e+00 
 2.73050000e-08  1.79983617e+00  2.73050000e-08  0.00000000e+00 
 2.74050000e-08  1.79983617e+00  2.74050000e-08  0.00000000e+00 
 2.75050000e-08  1.79983617e+00  2.75050000e-08  0.00000000e+00 
 2.76050000e-08  1.79983617e+00  2.76050000e-08  0.00000000e+00 
 2.77050000e-08  1.79983617e+00  2.77050000e-08  0.00000000e+00 
 2.78050000e-08  1.79983617e+00  2.78050000e-08  0.00000000e+00 
 2.79050000e-08  1.79983617e+00  2.79050000e-08  0.00000000e+00 
 2.80050000e-08  1.79983617e+00  2.80050000e-08  0.00000000e+00 
 2.81050000e-08  1.79983617e+00  2.81050000e-08  0.00000000e+00 
 2.82050000e-08  1.79983617e+00  2.82050000e-08  0.00000000e+00 
 2.83050000e-08  1.79983617e+00  2.83050000e-08  0.00000000e+00 
 2.84050000e-08  1.79983617e+00  2.84050000e-08  0.00000000e+00 
 2.85050000e-08  1.79983617e+00  2.85050000e-08  0.00000000e+00 
 2.86050000e-08  1.79983617e+00  2.86050000e-08  0.00000000e+00 
 2.87050000e-08  1.79983617e+00  2.87050000e-08  0.00000000e+00 
 2.88050000e-08  1.79983617e+00  2.88050000e-08  0.00000000e+00 
 2.89050000e-08  1.79983617e+00  2.89050000e-08  0.00000000e+00 
 2.90050000e-08  1.79983617e+00  2.90050000e-08  0.00000000e+00 
 2.91050000e-08  1.79983617e+00  2.91050000e-08  0.00000000e+00 
 2.92050000e-08  1.79983617e+00  2.92050000e-08  0.00000000e+00 
 2.93050000e-08  1.79983617e+00  2.93050000e-08  0.00000000e+00 
 2.94050000e-08  1.79983617e+00  2.94050000e-08  0.00000000e+00 
 2.95050000e-08  1.79983617e+00  2.95050000e-08  0.00000000e+00 
 2.96050000e-08  1.79983617e+00  2.96050000e-08  0.00000000e+00 
 2.97050000e-08  1.79983617e+00  2.97050000e-08  0.00000000e+00 
 2.98050000e-08  1.79983617e+00  2.98050000e-08  0.00000000e+00 
 2.99050000e-08  1.79983617e+00  2.99050000e-08  0.00000000e+00 
 3.00050000e-08  1.79983617e+00  3.00050000e-08  0.00000000e+00 
 3.01050000e-08  1.79983617e+00  3.01050000e-08  0.00000000e+00 
 3.02050000e-08  1.79983617e+00  3.02050000e-08  0.00000000e+00 
 3.03050000e-08  1.79983617e+00  3.03050000e-08  0.00000000e+00 
 3.04050000e-08  1.79983617e+00  3.04050000e-08  0.00000000e+00 
 3.05050000e-08  1.79983617e+00  3.05050000e-08  0.00000000e+00 
 3.06050000e-08  1.79983617e+00  3.06050000e-08  0.00000000e+00 
 3.07050000e-08  1.79983617e+00  3.07050000e-08  0.00000000e+00 
 3.08050000e-08  1.79983617e+00  3.08050000e-08  0.00000000e+00 
 3.09050000e-08  1.79983617e+00  3.09050000e-08  0.00000000e+00 
 3.10050000e-08  1.79983617e+00  3.10050000e-08  0.00000000e+00 
 3.11050000e-08  1.79983617e+00  3.11050000e-08  0.00000000e+00 
 3.12050000e-08  1.79983617e+00  3.12050000e-08  0.00000000e+00 
 3.13050000e-08  1.79983617e+00  3.13050000e-08  0.00000000e+00 
 3.14050000e-08  1.79983617e+00  3.14050000e-08  0.00000000e+00 
 3.15050000e-08  1.79983617e+00  3.15050000e-08  0.00000000e+00 
 3.16050000e-08  1.79983617e+00  3.16050000e-08  0.00000000e+00 
 3.17050000e-08  1.79983617e+00  3.17050000e-08  0.00000000e+00 
 3.18050000e-08  1.79983617e+00  3.18050000e-08  0.00000000e+00 
 3.19050000e-08  1.79983617e+00  3.19050000e-08  0.00000000e+00 
 3.20000000e-08  1.79983617e+00  3.20000000e-08  0.00000000e+00 
 3.20100000e-08  1.79983617e+00  3.20100000e-08  1.80000000e-01 
 3.20300000e-08  1.79983617e+00  3.20300000e-08  5.40000000e-01 
 3.20650000e-08  1.79983617e+00  3.20650000e-08  1.17000000e+00 
 3.21000000e-08  1.79983617e+00  3.21000000e-08  1.80000000e+00 
 3.21070000e-08  1.79983617e+00  3.21070000e-08  1.80000000e+00 
 3.21210000e-08  1.79983617e+00  3.21210000e-08  1.80000000e+00 
 3.21490000e-08  1.79983617e+00  3.21490000e-08  1.80000000e+00 
 3.22050000e-08  1.79983617e+00  3.22050000e-08  1.80000000e+00 
 3.23050000e-08  1.79983617e+00  3.23050000e-08  1.80000000e+00 
 3.24050000e-08  1.79983617e+00  3.24050000e-08  1.80000000e+00 
 3.25050000e-08  1.79983617e+00  3.25050000e-08  1.80000000e+00 
 3.26050000e-08  1.79983617e+00  3.26050000e-08  1.80000000e+00 
 3.27050000e-08  1.79983617e+00  3.27050000e-08  1.80000000e+00 
 3.28050000e-08  1.79983617e+00  3.28050000e-08  1.80000000e+00 
 3.29050000e-08  1.79983617e+00  3.29050000e-08  1.80000000e+00 
 3.30050000e-08  1.79983617e+00  3.30050000e-08  1.80000000e+00 
 3.31050000e-08  1.79983617e+00  3.31050000e-08  1.80000000e+00 
 3.32050000e-08  1.79983617e+00  3.32050000e-08  1.80000000e+00 
 3.33050000e-08  1.79983617e+00  3.33050000e-08  1.80000000e+00 
 3.34050000e-08  1.79983617e+00  3.34050000e-08  1.80000000e+00 
 3.35050000e-08  1.79983617e+00  3.35050000e-08  1.80000000e+00 
 3.36050000e-08  1.79983617e+00  3.36050000e-08  1.80000000e+00 
 3.37050000e-08  1.79983617e+00  3.37050000e-08  1.80000000e+00 
 3.38050000e-08  1.79983617e+00  3.38050000e-08  1.80000000e+00 
 3.39050000e-08  1.79983617e+00  3.39050000e-08  1.80000000e+00 
 3.40050000e-08  1.79983617e+00  3.40050000e-08  1.80000000e+00 
 3.41050000e-08  1.79983617e+00  3.41050000e-08  1.80000000e+00 
 3.42050000e-08  1.79983617e+00  3.42050000e-08  1.80000000e+00 
 3.43050000e-08  1.79983617e+00  3.43050000e-08  1.80000000e+00 
 3.44050000e-08  1.79983617e+00  3.44050000e-08  1.80000000e+00 
 3.45050000e-08  1.79983617e+00  3.45050000e-08  1.80000000e+00 
 3.46050000e-08  1.79983617e+00  3.46050000e-08  1.80000000e+00 
 3.47050000e-08  1.79983617e+00  3.47050000e-08  1.80000000e+00 
 3.48050000e-08  1.79983617e+00  3.48050000e-08  1.80000000e+00 
 3.49000000e-08  1.79983617e+00  3.49000000e-08  1.80000000e+00 
 3.49100000e-08  1.79983617e+00  3.49100000e-08  1.80000000e+00 
 3.49300000e-08  1.79983617e+00  3.49300000e-08  1.80000000e+00 
 3.49650000e-08  1.79983617e+00  3.49650000e-08  1.80000000e+00 
 3.50000000e-08  1.79983617e+00  3.50000000e-08  1.80000000e+00 
 3.50070000e-08  1.79983617e+00  3.50070000e-08  1.80000000e+00 
 3.50210000e-08  1.79983617e+00  3.50210000e-08  1.80000000e+00 
 3.50490000e-08  1.79983617e+00  3.50490000e-08  1.80000000e+00 
 3.51050000e-08  1.79983617e+00  3.51050000e-08  1.80000000e+00 
 3.52050000e-08  1.79983617e+00  3.52050000e-08  1.80000000e+00 
 3.53050000e-08  1.79983617e+00  3.53050000e-08  1.80000000e+00 
 3.54050000e-08  1.79983617e+00  3.54050000e-08  1.80000000e+00 
 3.55050000e-08  1.79983617e+00  3.55050000e-08  1.80000000e+00 
 3.56050000e-08  1.79983617e+00  3.56050000e-08  1.80000000e+00 
 3.57050000e-08  1.79983617e+00  3.57050000e-08  1.80000000e+00 
 3.58050000e-08  1.79983617e+00  3.58050000e-08  1.80000000e+00 
 3.59050000e-08  1.79983617e+00  3.59050000e-08  1.80000000e+00 
 3.60050000e-08  1.79983617e+00  3.60050000e-08  1.80000000e+00 
 3.61050000e-08  1.79983617e+00  3.61050000e-08  1.80000000e+00 
 3.62050000e-08  1.79983617e+00  3.62050000e-08  1.80000000e+00 
 3.63050000e-08  1.79983617e+00  3.63050000e-08  1.80000000e+00 
 3.64050000e-08  1.79983617e+00  3.64050000e-08  1.80000000e+00 
 3.65050000e-08  1.79983617e+00  3.65050000e-08  1.80000000e+00 
 3.66050000e-08  1.79983617e+00  3.66050000e-08  1.80000000e+00 
 3.67050000e-08  1.79983617e+00  3.67050000e-08  1.80000000e+00 
 3.68050000e-08  1.79983617e+00  3.68050000e-08  1.80000000e+00 
 3.69050000e-08  1.79983617e+00  3.69050000e-08  1.80000000e+00 
 3.70050000e-08  1.79983617e+00  3.70050000e-08  1.80000000e+00 
 3.71000000e-08  1.79983617e+00  3.71000000e-08  1.80000000e+00 
 3.71100000e-08  1.79983617e+00  3.71100000e-08  1.62000000e+00 
 3.71300000e-08  1.79983617e+00  3.71300000e-08  1.26000000e+00 
 3.71650000e-08  1.79983617e+00  3.71650000e-08  6.30000000e-01 
 3.72000000e-08  1.79983617e+00  3.72000000e-08  0.00000000e+00 
 3.72070000e-08  1.79983617e+00  3.72070000e-08  0.00000000e+00 
 3.72210000e-08  1.79983617e+00  3.72210000e-08  0.00000000e+00 
 3.72490000e-08  1.79983617e+00  3.72490000e-08  0.00000000e+00 
 3.73050000e-08  1.79983617e+00  3.73050000e-08  0.00000000e+00 
 3.74050000e-08  1.79983617e+00  3.74050000e-08  0.00000000e+00 
 3.75050000e-08  1.79983617e+00  3.75050000e-08  0.00000000e+00 
 3.76050000e-08  1.79983617e+00  3.76050000e-08  0.00000000e+00 
 3.77050000e-08  1.79983617e+00  3.77050000e-08  0.00000000e+00 
 3.78050000e-08  1.79983617e+00  3.78050000e-08  0.00000000e+00 
 3.79050000e-08  1.79983617e+00  3.79050000e-08  0.00000000e+00 
 3.80050000e-08  1.79983617e+00  3.80050000e-08  0.00000000e+00 
 3.81050000e-08  1.79983617e+00  3.81050000e-08  0.00000000e+00 
 3.82050000e-08  1.79983617e+00  3.82050000e-08  0.00000000e+00 
 3.83050000e-08  1.79983617e+00  3.83050000e-08  0.00000000e+00 
 3.84050000e-08  1.79983617e+00  3.84050000e-08  0.00000000e+00 
 3.85050000e-08  1.79983617e+00  3.85050000e-08  0.00000000e+00 
 3.86050000e-08  1.79983617e+00  3.86050000e-08  0.00000000e+00 
 3.87050000e-08  1.79983617e+00  3.87050000e-08  0.00000000e+00 
 3.88050000e-08  1.79983617e+00  3.88050000e-08  0.00000000e+00 
 3.89050000e-08  1.79983617e+00  3.89050000e-08  0.00000000e+00 
 3.90050000e-08  1.79983617e+00  3.90050000e-08  0.00000000e+00 
 3.91050000e-08  1.79983617e+00  3.91050000e-08  0.00000000e+00 
 3.92050000e-08  1.79983617e+00  3.92050000e-08  0.00000000e+00 
 3.93050000e-08  1.79983617e+00  3.93050000e-08  0.00000000e+00 
 3.94050000e-08  1.79983617e+00  3.94050000e-08  0.00000000e+00 
 3.95050000e-08  1.79983617e+00  3.95050000e-08  0.00000000e+00 
 3.96050000e-08  1.79983617e+00  3.96050000e-08  0.00000000e+00 
 3.97050000e-08  1.79983617e+00  3.97050000e-08  0.00000000e+00 
 3.98050000e-08  1.79983617e+00  3.98050000e-08  0.00000000e+00 
 3.99050000e-08  1.79983617e+00  3.99050000e-08  0.00000000e+00 
 4.00050000e-08  1.79983617e+00  4.00050000e-08  0.00000000e+00 
 4.01050000e-08  1.79983617e+00  4.01050000e-08  0.00000000e+00 
 4.02050000e-08  1.79983617e+00  4.02050000e-08  0.00000000e+00 
 4.03050000e-08  1.79983617e+00  4.03050000e-08  0.00000000e+00 
 4.04050000e-08  1.79983617e+00  4.04050000e-08  0.00000000e+00 
 4.05050000e-08  1.79983617e+00  4.05050000e-08  0.00000000e+00 
 4.06050000e-08  1.79983617e+00  4.06050000e-08  0.00000000e+00 
 4.07050000e-08  1.79983617e+00  4.07050000e-08  0.00000000e+00 
 4.08050000e-08  1.79983617e+00  4.08050000e-08  0.00000000e+00 
 4.09050000e-08  1.79983617e+00  4.09050000e-08  0.00000000e+00 
 4.10050000e-08  1.79983617e+00  4.10050000e-08  0.00000000e+00 
 4.11050000e-08  1.79983617e+00  4.11050000e-08  0.00000000e+00 
 4.12050000e-08  1.79983617e+00  4.12050000e-08  0.00000000e+00 
 4.13050000e-08  1.79983617e+00  4.13050000e-08  0.00000000e+00 
 4.14050000e-08  1.79983617e+00  4.14050000e-08  0.00000000e+00 
 4.15050000e-08  1.79983617e+00  4.15050000e-08  0.00000000e+00 
 4.16050000e-08  1.79983617e+00  4.16050000e-08  0.00000000e+00 
 4.17050000e-08  1.79983617e+00  4.17050000e-08  0.00000000e+00 
 4.18050000e-08  1.79983617e+00  4.18050000e-08  0.00000000e+00 
 4.19050000e-08  1.79983617e+00  4.19050000e-08  0.00000000e+00 
 4.20000000e-08  1.79983617e+00  4.20000000e-08  1.19114008e-13 
 4.20100000e-08  1.79983617e+00  4.20100000e-08  1.80000000e-01 
 4.20300000e-08  1.79983617e+00  4.20300000e-08  5.40000000e-01 
 4.20650000e-08  1.79983617e+00  4.20650000e-08  1.17000000e+00 
 4.21000000e-08  1.79983617e+00  4.21000000e-08  1.80000000e+00 
 4.21070000e-08  1.79983617e+00  4.21070000e-08  1.80000000e+00 
 4.21210000e-08  1.79983617e+00  4.21210000e-08  1.80000000e+00 
 4.21490000e-08  1.79983617e+00  4.21490000e-08  1.80000000e+00 
 4.22050000e-08  1.79983617e+00  4.22050000e-08  1.80000000e+00 
 4.23050000e-08  1.79983617e+00  4.23050000e-08  1.80000000e+00 
 4.24050000e-08  1.79983617e+00  4.24050000e-08  1.80000000e+00 
 4.25050000e-08  1.79983617e+00  4.25050000e-08  1.80000000e+00 
 4.26050000e-08  1.79983617e+00  4.26050000e-08  1.80000000e+00 
 4.27050000e-08  1.79983617e+00  4.27050000e-08  1.80000000e+00 
 4.28050000e-08  1.79983617e+00  4.28050000e-08  1.80000000e+00 
 4.29050000e-08  1.79983617e+00  4.29050000e-08  1.80000000e+00 
 4.30050000e-08  1.79983617e+00  4.30050000e-08  1.80000000e+00 
 4.31050000e-08  1.79983617e+00  4.31050000e-08  1.80000000e+00 
 4.32050000e-08  1.79983617e+00  4.32050000e-08  1.80000000e+00 
 4.33050000e-08  1.79983617e+00  4.33050000e-08  1.80000000e+00 
 4.34050000e-08  1.79983617e+00  4.34050000e-08  1.80000000e+00 
 4.35050000e-08  1.79983617e+00  4.35050000e-08  1.80000000e+00 
 4.36050000e-08  1.79983617e+00  4.36050000e-08  1.80000000e+00 
 4.37050000e-08  1.79983617e+00  4.37050000e-08  1.80000000e+00 
 4.38050000e-08  1.79983617e+00  4.38050000e-08  1.80000000e+00 
 4.39050000e-08  1.79983617e+00  4.39050000e-08  1.80000000e+00 
 4.40050000e-08  1.79983617e+00  4.40050000e-08  1.80000000e+00 
 4.41050000e-08  1.79983617e+00  4.41050000e-08  1.80000000e+00 
 4.42050000e-08  1.79983617e+00  4.42050000e-08  1.80000000e+00 
 4.43050000e-08  1.79983617e+00  4.43050000e-08  1.80000000e+00 
 4.44050000e-08  1.79983617e+00  4.44050000e-08  1.80000000e+00 
 4.45050000e-08  1.79983617e+00  4.45050000e-08  1.80000000e+00 
 4.46050000e-08  1.79983617e+00  4.46050000e-08  1.80000000e+00 
 4.47050000e-08  1.79983617e+00  4.47050000e-08  1.80000000e+00 
 4.48050000e-08  1.79983617e+00  4.48050000e-08  1.80000000e+00 
 4.49050000e-08  1.79983617e+00  4.49050000e-08  1.80000000e+00 
 4.50050000e-08  1.79983617e+00  4.50050000e-08  1.80000000e+00 
 4.51050000e-08  1.79983617e+00  4.51050000e-08  1.80000000e+00 
 4.52050000e-08  1.79983617e+00  4.52050000e-08  1.80000000e+00 
 4.53050000e-08  1.79983617e+00  4.53050000e-08  1.80000000e+00 
 4.54050000e-08  1.79983617e+00  4.54050000e-08  1.80000000e+00 
 4.55050000e-08  1.79983617e+00  4.55050000e-08  1.80000000e+00 
 4.56050000e-08  1.79983617e+00  4.56050000e-08  1.80000000e+00 
 4.57050000e-08  1.79983617e+00  4.57050000e-08  1.80000000e+00 
 4.58050000e-08  1.79983617e+00  4.58050000e-08  1.80000000e+00 
 4.59050000e-08  1.79983617e+00  4.59050000e-08  1.80000000e+00 
 4.60050000e-08  1.79983617e+00  4.60050000e-08  1.80000000e+00 
 4.61050000e-08  1.79983617e+00  4.61050000e-08  1.80000000e+00 
 4.62050000e-08  1.79983617e+00  4.62050000e-08  1.80000000e+00 
 4.63050000e-08  1.79983617e+00  4.63050000e-08  1.80000000e+00 
 4.64050000e-08  1.79983617e+00  4.64050000e-08  1.80000000e+00 
 4.65050000e-08  1.79983617e+00  4.65050000e-08  1.80000000e+00 
 4.66050000e-08  1.79983617e+00  4.66050000e-08  1.80000000e+00 
 4.67050000e-08  1.79983617e+00  4.67050000e-08  1.80000000e+00 
 4.68050000e-08  1.79983617e+00  4.68050000e-08  1.80000000e+00 
 4.69050000e-08  1.79983617e+00  4.69050000e-08  1.80000000e+00 
 4.70050000e-08  1.79983617e+00  4.70050000e-08  1.80000000e+00 
 4.71000000e-08  1.79983617e+00  4.71000000e-08  1.80000000e+00 
 4.71100000e-08  1.79983617e+00  4.71100000e-08  1.62000000e+00 
 4.71300000e-08  1.79983617e+00  4.71300000e-08  1.26000000e+00 
 4.71650000e-08  1.79983617e+00  4.71650000e-08  6.30000000e-01 
 4.72000000e-08  1.79983617e+00  4.72000000e-08  0.00000000e+00 
 4.72070000e-08  1.79983617e+00  4.72070000e-08  0.00000000e+00 
 4.72210000e-08  1.79983617e+00  4.72210000e-08  0.00000000e+00 
 4.72490000e-08  1.79983617e+00  4.72490000e-08  0.00000000e+00 
 4.73050000e-08  1.79983617e+00  4.73050000e-08  0.00000000e+00 
 4.74050000e-08  1.79983617e+00  4.74050000e-08  0.00000000e+00 
 4.75050000e-08  1.79983617e+00  4.75050000e-08  0.00000000e+00 
 4.76050000e-08  1.79983617e+00  4.76050000e-08  0.00000000e+00 
 4.77050000e-08  1.79983617e+00  4.77050000e-08  0.00000000e+00 
 4.78050000e-08  1.79983617e+00  4.78050000e-08  0.00000000e+00 
 4.79050000e-08  1.79983617e+00  4.79050000e-08  0.00000000e+00 
 4.80050000e-08  1.79983617e+00  4.80050000e-08  0.00000000e+00 
 4.81050000e-08  1.79983617e+00  4.81050000e-08  0.00000000e+00 
 4.82050000e-08  1.79983617e+00  4.82050000e-08  0.00000000e+00 
 4.83050000e-08  1.79983617e+00  4.83050000e-08  0.00000000e+00 
 4.84050000e-08  1.79983617e+00  4.84050000e-08  0.00000000e+00 
 4.85050000e-08  1.79983617e+00  4.85050000e-08  0.00000000e+00 
 4.86050000e-08  1.79983617e+00  4.86050000e-08  0.00000000e+00 
 4.87050000e-08  1.79983617e+00  4.87050000e-08  0.00000000e+00 
 4.88050000e-08  1.79983617e+00  4.88050000e-08  0.00000000e+00 
 4.89050000e-08  1.79983617e+00  4.89050000e-08  0.00000000e+00 
 4.90050000e-08  1.79983617e+00  4.90050000e-08  0.00000000e+00 
 4.91050000e-08  1.79983617e+00  4.91050000e-08  0.00000000e+00 
 4.92050000e-08  1.79983617e+00  4.92050000e-08  0.00000000e+00 
 4.93050000e-08  1.79983617e+00  4.93050000e-08  0.00000000e+00 
 4.94050000e-08  1.79983617e+00  4.94050000e-08  0.00000000e+00 
 4.95050000e-08  1.79983617e+00  4.95050000e-08  0.00000000e+00 
 4.96050000e-08  1.79983617e+00  4.96050000e-08  0.00000000e+00 
 4.97050000e-08  1.79983617e+00  4.97050000e-08  0.00000000e+00 
 4.98050000e-08  1.79983617e+00  4.98050000e-08  0.00000000e+00 
 4.99050000e-08  1.79983617e+00  4.99050000e-08  0.00000000e+00 
 5.00050000e-08  1.79983617e+00  5.00050000e-08  0.00000000e+00 
 5.01050000e-08  1.79983617e+00  5.01050000e-08  0.00000000e+00 
 5.02050000e-08  1.79983617e+00  5.02050000e-08  0.00000000e+00 
 5.03050000e-08  1.79983617e+00  5.03050000e-08  0.00000000e+00 
 5.04050000e-08  1.79983617e+00  5.04050000e-08  0.00000000e+00 
 5.05050000e-08  1.79983617e+00  5.05050000e-08  0.00000000e+00 
 5.06050000e-08  1.79983617e+00  5.06050000e-08  0.00000000e+00 
 5.07050000e-08  1.79983617e+00  5.07050000e-08  0.00000000e+00 
 5.08050000e-08  1.79983617e+00  5.08050000e-08  0.00000000e+00 
 5.09050000e-08  1.79983617e+00  5.09050000e-08  0.00000000e+00 
 5.10050000e-08  1.79983617e+00  5.10050000e-08  0.00000000e+00 
 5.11050000e-08  1.79983617e+00  5.11050000e-08  0.00000000e+00 
 5.12050000e-08  1.79983617e+00  5.12050000e-08  0.00000000e+00 
 5.13050000e-08  1.79983617e+00  5.13050000e-08  0.00000000e+00 
 5.14050000e-08  1.79983617e+00  5.14050000e-08  0.00000000e+00 
 5.15050000e-08  1.79983617e+00  5.15050000e-08  0.00000000e+00 
 5.16050000e-08  1.79983617e+00  5.16050000e-08  0.00000000e+00 
 5.17050000e-08  1.79983617e+00  5.17050000e-08  0.00000000e+00 
 5.18050000e-08  1.79983617e+00  5.18050000e-08  0.00000000e+00 
 5.19050000e-08  1.79983617e+00  5.19050000e-08  0.00000000e+00 
 5.20000000e-08  1.79983617e+00  5.20000000e-08  1.19114008e-13 
 5.20100000e-08  1.79983617e+00  5.20100000e-08  1.80000000e-01 
 5.20300000e-08  1.79983617e+00  5.20300000e-08  5.40000000e-01 
 5.20650000e-08  1.79983617e+00  5.20650000e-08  1.17000000e+00 
 5.21000000e-08  1.79983617e+00  5.21000000e-08  1.80000000e+00 
 5.21070000e-08  1.79983617e+00  5.21070000e-08  1.80000000e+00 
 5.21210000e-08  1.79983617e+00  5.21210000e-08  1.80000000e+00 
 5.21490000e-08  1.79983617e+00  5.21490000e-08  1.80000000e+00 
 5.22050000e-08  1.79983617e+00  5.22050000e-08  1.80000000e+00 
 5.23050000e-08  1.79983617e+00  5.23050000e-08  1.80000000e+00 
 5.24050000e-08  1.79983617e+00  5.24050000e-08  1.80000000e+00 
 5.25050000e-08  1.79983617e+00  5.25050000e-08  1.80000000e+00 
 5.26050000e-08  1.79983617e+00  5.26050000e-08  1.80000000e+00 
 5.27050000e-08  1.79983617e+00  5.27050000e-08  1.80000000e+00 
 5.28050000e-08  1.79983617e+00  5.28050000e-08  1.80000000e+00 
 5.29050000e-08  1.79983617e+00  5.29050000e-08  1.80000000e+00 
 5.30050000e-08  1.79983617e+00  5.30050000e-08  1.80000000e+00 
 5.31050000e-08  1.79983617e+00  5.31050000e-08  1.80000000e+00 
 5.32050000e-08  1.79983617e+00  5.32050000e-08  1.80000000e+00 
 5.33050000e-08  1.79983617e+00  5.33050000e-08  1.80000000e+00 
 5.34050000e-08  1.79983617e+00  5.34050000e-08  1.80000000e+00 
 5.35050000e-08  1.79983617e+00  5.35050000e-08  1.80000000e+00 
 5.36050000e-08  1.79983617e+00  5.36050000e-08  1.80000000e+00 
 5.37050000e-08  1.79983617e+00  5.37050000e-08  1.80000000e+00 
 5.38050000e-08  1.79983617e+00  5.38050000e-08  1.80000000e+00 
 5.39050000e-08  1.79983617e+00  5.39050000e-08  1.80000000e+00 
 5.40050000e-08  1.79983617e+00  5.40050000e-08  1.80000000e+00 
 5.41050000e-08  1.79983617e+00  5.41050000e-08  1.80000000e+00 
 5.42050000e-08  1.79983617e+00  5.42050000e-08  1.80000000e+00 
 5.43050000e-08  1.79983617e+00  5.43050000e-08  1.80000000e+00 
 5.44050000e-08  1.79983617e+00  5.44050000e-08  1.80000000e+00 
 5.45050000e-08  1.79983617e+00  5.45050000e-08  1.80000000e+00 
 5.46050000e-08  1.79983617e+00  5.46050000e-08  1.80000000e+00 
 5.47050000e-08  1.79983617e+00  5.47050000e-08  1.80000000e+00 
 5.48050000e-08  1.79983617e+00  5.48050000e-08  1.80000000e+00 
 5.49050000e-08  1.79983617e+00  5.49050000e-08  1.80000000e+00 
 5.50050000e-08  1.79983617e+00  5.50050000e-08  1.80000000e+00 
 5.51050000e-08  1.79983617e+00  5.51050000e-08  1.80000000e+00 
 5.52050000e-08  1.79983617e+00  5.52050000e-08  1.80000000e+00 
 5.53050000e-08  1.79983617e+00  5.53050000e-08  1.80000000e+00 
 5.54050000e-08  1.79983617e+00  5.54050000e-08  1.80000000e+00 
 5.55050000e-08  1.79983617e+00  5.55050000e-08  1.80000000e+00 
 5.56050000e-08  1.79983617e+00  5.56050000e-08  1.80000000e+00 
 5.57050000e-08  1.79983617e+00  5.57050000e-08  1.80000000e+00 
 5.58050000e-08  1.79983617e+00  5.58050000e-08  1.80000000e+00 
 5.59050000e-08  1.79983617e+00  5.59050000e-08  1.80000000e+00 
 5.60050000e-08  1.79983617e+00  5.60050000e-08  1.80000000e+00 
 5.61050000e-08  1.79983617e+00  5.61050000e-08  1.80000000e+00 
 5.62050000e-08  1.79983617e+00  5.62050000e-08  1.80000000e+00 
 5.63050000e-08  1.79983617e+00  5.63050000e-08  1.80000000e+00 
 5.64050000e-08  1.79983617e+00  5.64050000e-08  1.80000000e+00 
 5.65050000e-08  1.79983617e+00  5.65050000e-08  1.80000000e+00 
 5.66050000e-08  1.79983617e+00  5.66050000e-08  1.80000000e+00 
 5.67050000e-08  1.79983617e+00  5.67050000e-08  1.80000000e+00 
 5.68050000e-08  1.79983617e+00  5.68050000e-08  1.80000000e+00 
 5.69050000e-08  1.79983617e+00  5.69050000e-08  1.80000000e+00 
 5.70050000e-08  1.79983617e+00  5.70050000e-08  1.80000000e+00 
 5.71000000e-08  1.79983617e+00  5.71000000e-08  1.80000000e+00 
 5.71100000e-08  1.79983617e+00  5.71100000e-08  1.62000000e+00 
 5.71300000e-08  1.79983617e+00  5.71300000e-08  1.26000000e+00 
 5.71650000e-08  1.79983617e+00  5.71650000e-08  6.30000000e-01 
 5.72000000e-08  1.79983617e+00  5.72000000e-08  0.00000000e+00 
 5.72070000e-08  1.79983617e+00  5.72070000e-08  0.00000000e+00 
 5.72210000e-08  1.79983617e+00  5.72210000e-08  0.00000000e+00 
 5.72490000e-08  1.79983617e+00  5.72490000e-08  0.00000000e+00 
 5.73050000e-08  1.79983617e+00  5.73050000e-08  0.00000000e+00 
 5.74050000e-08  1.79983617e+00  5.74050000e-08  0.00000000e+00 
 5.75050000e-08  1.79983617e+00  5.75050000e-08  0.00000000e+00 
 5.76050000e-08  1.79983617e+00  5.76050000e-08  0.00000000e+00 
 5.77050000e-08  1.79983617e+00  5.77050000e-08  0.00000000e+00 
 5.78050000e-08  1.79983617e+00  5.78050000e-08  0.00000000e+00 
 5.79050000e-08  1.79983617e+00  5.79050000e-08  0.00000000e+00 
 5.80050000e-08  1.79983617e+00  5.80050000e-08  0.00000000e+00 
 5.81050000e-08  1.79983617e+00  5.81050000e-08  0.00000000e+00 
 5.82050000e-08  1.79983617e+00  5.82050000e-08  0.00000000e+00 
 5.83050000e-08  1.79983617e+00  5.83050000e-08  0.00000000e+00 
 5.84050000e-08  1.79983617e+00  5.84050000e-08  0.00000000e+00 
 5.85050000e-08  1.79983617e+00  5.85050000e-08  0.00000000e+00 
 5.86050000e-08  1.79983617e+00  5.86050000e-08  0.00000000e+00 
 5.87050000e-08  1.79983617e+00  5.87050000e-08  0.00000000e+00 
 5.88050000e-08  1.79983617e+00  5.88050000e-08  0.00000000e+00 
 5.89050000e-08  1.79983617e+00  5.89050000e-08  0.00000000e+00 
 5.90050000e-08  1.79983617e+00  5.90050000e-08  0.00000000e+00 
 5.91050000e-08  1.79983617e+00  5.91050000e-08  0.00000000e+00 
 5.92050000e-08  1.79983617e+00  5.92050000e-08  0.00000000e+00 
 5.93050000e-08  1.79983617e+00  5.93050000e-08  0.00000000e+00 
 5.94050000e-08  1.79983617e+00  5.94050000e-08  0.00000000e+00 
 5.95050000e-08  1.79983617e+00  5.95050000e-08  0.00000000e+00 
 5.96050000e-08  1.79983617e+00  5.96050000e-08  0.00000000e+00 
 5.97050000e-08  1.79983617e+00  5.97050000e-08  0.00000000e+00 
 5.98050000e-08  1.79983617e+00  5.98050000e-08  0.00000000e+00 
 5.99050000e-08  1.79983617e+00  5.99050000e-08  0.00000000e+00 
 6.00000000e-08  1.79983617e+00  6.00000000e-08  0.00000000e+00 
